"Time (s)","Bridge Pos (m)","Trolley 1 Pos (m)","Trolley 1 Cable Length (m)","Trolley 1 - Trolley direction deflection (m)","Trolley 1 - Bridge direction deflection (m)","Trolley 2 Pos (m)","Trolley 2 Cable Length (m)","Trolley 2 - Trolley direction deflection (m)","Trolley 2 - Bridge direction deflection (m)","Rigid Z Position (m)","Rigid Z Length (m)"
0,6.225,3.029,1.1,0.06,0,5.371,1.11,-0.04,0.02,0,0
0.04,6.225,3.029,1.08,0.06,0,5.371,1.11,-0.04,0.02,0,0
0.08,6.225,3.029,1.1,0.06,0,5.371,1.11,-0.04,0.02,0,0
0.12,6.225,3.029,1.1,0.06,0,5.371,1.11,-0.04,0.02,0,0
0.16,6.225,3.029,1.1,0.06,0,5.371,1.11,-0.04,0.02,0,0
0.2,6.225,3.029,1.1,0.06,0,5.371,1.11,-0.04,0.02,0,0
0.24,6.225,3.029,1.1,0.06,0,5.371,1.11,-0.04,0.02,0,0
0.28,6.225,3.029,1.1,0.06,0,5.371,1.11,-0.04,0.02,0,0
0.32,6.225,3.029,1.1,0.06,0,5.371,1.11,-0.04,0.02,0,0
0.36,6.225,3.029,1.1,0.06,0,5.371,1.1,-0.04,0.02,0,0
0.4,6.225,3.029,1.1,0.06,0,5.371,1.11,-0.04,0.02,0,0
0.44,6.225,3.029,1.1,0.06,0,5.371,1.11,-0.04,0.02,0,0
0.48,6.225,3.029,1.1,0.06,0,5.371,1.1,-0.04,0.02,0,0
0.52,6.225,3.029,1.1,0.06,0,5.371,1.1,-0.04,0.02,0,0
0.56,6.225,3.029,1.1,0.06,0,5.371,1.11,-0.04,0.02,0,0
0.6,6.225,3.029,1.1,0.06,0,5.371,1.1,-0.04,0.02,0,0
0.64,6.225,3.029,1.1,0.06,0,5.371,1.1,-0.04,0.02,0,0
0.68,6.225,3.029,1.1,0.06,0,5.371,1.1,-0.04,0.02,0,0
0.72,6.225,3.029,1.1,0.06,0,5.371,1.1,-0.04,0.02,0,0
0.76,6.225,3.029,1.1,0.06,0,5.371,1.11,-0.04,0.02,0,0
0.8,6.225,3.029,1.1,0.06,0,5.371,1.1,-0.04,0.02,0,0
0.84,6.225,3.029,1.1,0.06,0,5.371,1.1,-0.04,0.02,0,0
0.88,6.225,3.029,1.1,0.06,0,5.371,1.11,-0.04,0.02,0,0
0.92,6.225,3.029,1.1,0.06,0,5.371,1.11,-0.04,0.02,0,0
0.96,6.225,3.029,1.1,0.06,0,5.371,1.1,-0.04,0.02,0,0
1,6.225,3.029,1.1,0.06,0,5.371,1.1,-0.04,0.02,0,0
1.04,6.225,3.029,1.1,0.06,0,5.371,1.1,-0.04,0.02,0,0
1.08,6.225,3.029,1.08,0.06,0,5.371,1.11,-0.04,0.02,0,0
1.12,6.225,3.029,1.1,0.06,0,5.371,1.11,-0.04,0.02,0,0
1.16,6.225,3.029,1.1,0.06,0,5.371,1.11,-0.04,0.02,0,0
1.2,6.225,3.029,1.1,0.06,0,5.371,1.11,-0.04,0.02,0,0
1.24,6.225,3.029,1.1,0.06,0,5.371,1.11,-0.04,0.02,0,0
1.28,6.225,3.029,1.1,0.06,0,5.371,1.11,-0.04,0.02,0,0
1.32,6.225,3.029,1.1,0.06,0,5.371,1.11,-0.04,0.02,0,0
1.36,6.225,3.029,1.1,0.06,0,5.371,1.11,-0.04,0.02,0,0
1.4,6.225,3.029,1.1,0.06,0,5.371,1.11,-0.04,0.02,0,0
1.44,6.225,3.029,1.1,0.06,0,5.371,1.11,-0.04,0.02,0,0
1.48,6.225,3.029,1.1,0.06,0,5.371,1.11,-0.04,0.02,0,0
1.52,6.225,3.029,1.1,0.06,0,5.371,1.11,-0.04,0.02,0,0
1.56,6.225,3.029,1.08,0.06,0,5.371,1.11,-0.04,0.02,0,0
1.6,6.225,3.029,1.1,0.06,0,5.371,1.11,-0.04,0.02,0,0
1.64,6.225,3.029,1.1,0.06,0,5.371,1.11,-0.04,0.02,0,0
1.68,6.225,3.029,1.1,0.06,0,5.371,1.11,-0.04,0.02,0,0
1.72,6.225,3.029,1.08,0.06,0,5.371,1.11,-0.04,0.02,0,0
1.76,6.225,3.029,1.1,0.06,0,5.371,1.11,-0.04,0.02,0,0
1.8,6.225,3.029,1.1,0.06,0,5.371,1.11,-0.04,0.02,0,0
1.84,6.225,3.029,1.08,0.06,0,5.37,1.11,-0.04,0.02,0,0
1.88,6.225,3.029,1.1,0.06,0,5.37,1.11,-0.04,0.02,0,0
1.92,6.225,3.029,1.1,0.06,0,5.37,1.11,-0.04,0.02,0,0
1.96,6.225,3.029,1.08,0.06,0,5.37,1.11,-0.04,0.02,0,0
2,6.225,3.029,1.1,0.06,0,5.371,1.11,-0.04,0.02,0,0
2.04,6.225,3.029,1.1,0.06,0,5.371,1.11,-0.04,0.02,0,0
2.08,6.225,3.029,1.11,0.06,0,5.371,1.11,-0.04,0.02,0,0
2.12,6.225,3.029,1.1,0.06,0,5.371,1.11,-0.04,0.02,0,0
2.16,6.225,3.029,1.08,0.06,0,5.371,1.11,-0.04,0.02,0,0
2.2,6.225,3.029,1.08,0.06,0,5.371,1.11,-0.04,0.02,0,0
2.24,6.225,3.029,1.08,0.06,0,5.371,1.11,-0.04,0.02,0,0
2.28,6.225,3.029,1.08,0.06,0,5.371,1.11,-0.04,0.02,0,0
2.32,6.225,3.029,1.1,0.06,0,5.37,1.11,-0.04,0.02,0,0
2.36,6.225,3.029,1.1,0.06,0,5.371,1.11,-0.04,0.02,0,0
2.4,6.225,3.029,1.1,0.06,0,5.37,1.11,-0.04,0.02,0,0
2.44,6.225,3.029,1.1,0.06,0,5.371,1.11,-0.04,0.02,0,0
2.48,6.225,3.029,1.1,0.06,0,5.371,1.1,-0.04,0.02,0,0
2.52,6.225,3.029,1.08,0.06,0,5.371,1.11,-0.04,0.02,0,0
2.56,6.225,3.029,1.1,0.06,0,5.371,1.1,-0.04,0.02,0,0
2.6,6.225,3.029,1.08,0.06,0,5.371,1.11,-0.04,0.02,0,0
2.64,6.225,3.029,1.1,0.06,0,5.371,1.11,-0.04,0.02,0,0
2.68,6.225,3.029,1.1,0.06,0,5.371,1.11,-0.04,0.02,0,0
2.72,6.225,3.029,1.1,0.06,0,5.371,1.11,-0.04,0.02,0,0
2.76,6.225,3.029,1.1,0.06,0,5.371,1.11,-0.04,0.02,0,0
2.8,6.225,3.029,1.1,0.06,0,5.371,1.11,-0.04,0.02,0,0
2.84,6.225,3.029,1.1,0.06,0,5.371,1.11,-0.04,0.02,0,0
2.88,6.225,3.029,1.08,0.06,0,5.371,1.11,-0.04,0.02,0,0
2.92,6.225,3.029,1.1,0.06,0,5.371,1.11,-0.04,0.02,0,0
2.96,6.225,3.029,1.08,0.06,0,5.371,1.11,-0.04,0.02,0,0
3,6.225,3.029,1.1,0.06,0,5.371,1.11,-0.04,0.02,0,0
3.04,6.225,3.029,1.08,0.06,0,5.371,1.11,-0.04,0.02,0,0
3.08,6.225,3.029,1.08,0.06,0,5.371,1.1,-0.04,0.02,0,0
3.12,6.225,3.029,1.08,0.06,0,5.371,1.1,-0.04,0.02,0,0
3.16,6.225,3.029,1.1,0.06,0,5.371,1.11,-0.04,0.02,0,0
3.2,6.225,3.029,1.08,0.06,0,5.371,1.1,-0.04,0.02,0,0
3.24,6.225,3.029,1.1,0.06,0,5.371,1.1,-0.04,0.02,0,0
3.28,6.224,3.028,1.1,0.06,0,5.37,1.11,-0.04,0.02,0,0
3.32,6.224,3.024,1.1,0.06,0,5.368,1.11,-0.04,0.02,0,0
3.36,6.225,3.019,1.1,0.06,0,5.36,1.11,-0.04,0.02,0,0
3.4,6.224,3.015,1.1,0.06,0,5.354,1.11,-0.04,0.02,0,0
3.44,6.224,2.999,1.1,0.07,0,5.349,1.11,-0.04,0.02,0,0
3.48,6.224,2.993,1.1,0.08,0,5.335,1.11,-0.03,0.02,0,0
3.52,6.224,2.985,1.1,0.08,0,5.328,1.11,-0.02,0.02,0,0
3.56,6.224,2.976,1.1,0.09,0,5.319,1.11,-0.01,0.02,0,0
3.6,6.224,2.958,1.55,0.06,-0.01,5.31,1.11,-0.01,0.02,0,0
3.64,6.224,2.947,1.52,0.07,-0.01,5.301,1.11,0,0.02,0,0
3.68,6.225,2.936,1.52,0.07,-0.01,5.281,1.11,0.01,0.03,0,0
3.72,6.225,2.926,1.49,0.08,-0.01,5.271,1.11,0.02,0.03,0,0
3.76,6.224,2.902,1.46,0.1,0,5.259,2.9,-0.05,-0.01,0,0
3.8,6.224,2.893,1.46,0.1,0,5.238,2.9,-0.03,-0.01,0,0
3.84,6.224,2.882,1.46,0.11,0,5.228,2.9,-0.01,-0.01,0,0
3.88,6.224,2.871,1.46,0.11,0,5.217,2.9,-0.01,-0.01,0,0
3.92,6.224,2.851,1.46,0.12,0,5.208,2.9,0,0,0,0
3.96,6.224,2.843,1.46,0.12,0,5.186,2.84,0.01,0,0,0
4,6.225,2.831,1.46,0.12,0,5.176,2.84,0.01,0,0,0
4.04,6.225,2.821,1.43,0.12,0,5.165,2.84,0.01,0,0,0
4.08,6.224,2.8,1.46,0.12,0,5.154,2.84,0.01,0,0,0
4.12,6.225,2.789,1.49,0.11,-0.01,5.144,2.84,0,-0.01,0,0
4.16,6.225,2.779,1.52,0.11,-0.01,5.122,1.11,0.05,0.02,0,0
4.2,6.225,2.767,1.58,0.11,-0.01,5.112,1.13,0.04,0.02,0,0
4.24,6.225,2.747,1.61,0.1,-0.01,5.101,1.11,0.03,0.02,0,0
4.28,6.225,2.737,1.64,0.09,-0.01,5.09,1.11,0.03,0.02,0,0
4.32,6.224,2.727,1.68,0.08,-0.01,5.069,1.11,0.01,0.02,0,0
4.36,6.224,2.717,1.71,0.07,-0.01,5.059,1.11,0.01,0.02,0,0
4.4,6.224,2.695,1.79,0.05,-0.01,5.049,1.11,0,0.02,0,0
4.44,6.225,2.684,1.83,0.03,-0.01,5.027,1.1,-0.02,0.02,0,0
4.48,6.225,2.673,1.08,0.07,0.01,5.016,1.1,-0.03,0.03,0,0
4.52,6.225,2.662,1.08,0.06,0.01,5.005,1.1,-0.04,0.03,0,0
4.56,6.225,2.642,1.07,0.05,0.01,4.994,1.1,-0.04,0.03,0,0
4.6,6.225,2.629,1.07,0.04,0.01,4.985,1.1,-0.06,0.03,0,0
4.64,6.224,2.622,1.07,0.03,0.01,4.963,1.1,-0.07,0.02,0,0
4.68,6.225,2.61,1.07,0.02,0.01,4.953,1.1,-0.08,0.02,0,0
4.72,6.225,2.59,1.07,0.01,0.01,4.942,1.1,-0.09,0.02,0,0
4.76,6.225,2.58,1.07,0,0.01,4.932,1.1,-0.09,0.02,0,0
4.8,6.225,2.568,1.07,-0.01,0.01,4.91,1.1,-0.11,0.02,0,0
4.84,6.225,2.559,1.07,-0.01,0.01,4.899,1.1,-0.11,0.02,0,0
4.88,6.225,2.536,1.07,-0.02,0.01,4.889,1.1,-0.12,0.02,0,0
4.92,6.225,2.523,1.07,-0.02,0,4.878,1.1,-0.13,0.02,0,0
4.96,6.225,2.513,1.07,-0.03,0,4.857,1.1,-0.13,0.02,0,0
5,6.225,2.501,1.07,-0.03,0,4.846,1.1,-0.14,0.02,0,0
5.04,6.225,2.48,1.07,-0.03,0,4.835,1.1,-0.14,0.02,0,0
5.08,6.225,2.47,1.07,-0.03,0,4.814,1.08,-0.14,0.03,0,0
5.12,6.225,2.461,1.07,-0.03,0,4.803,1.08,-0.14,0.03,0,0
5.16,6.225,2.449,1.07,-0.03,0.01,4.794,1.08,-0.14,0.03,0,0
5.2,6.225,2.427,1.07,-0.03,0.01,4.783,1.08,-0.13,0.03,0,0
5.24,6.225,2.415,1.07,-0.02,0,4.771,1.08,-0.13,0.03,0,0
5.28,6.224,2.405,1.07,-0.02,0,4.751,1.1,-0.12,0.02,0,0
5.32,6.225,2.394,1.08,-0.01,0,4.74,1.1,-0.12,0.02,0,0
5.36,6.225,2.372,1.08,0,0,4.73,1.1,-0.11,0.02,0,0
5.4,6.225,2.362,1.08,0,0,4.719,1.1,-0.1,0.02,0,0
5.44,6.225,2.353,1.08,0.01,0,4.699,1.11,-0.09,0.02,0,0
5.48,6.225,2.341,1.1,0.02,0,4.687,1.1,-0.08,0.02,0,0
5.52,6.225,2.32,1.1,0.04,0,4.677,1.1,-0.08,0.02,0,0
5.56,6.225,2.31,1.1,0.05,0,4.667,1.11,-0.07,0.02,0,0
5.6,6.225,2.299,1.1,0.06,0,4.644,1.11,-0.06,0.02,0,0
5.64,6.225,2.288,1.1,0.06,0,4.634,1.11,-0.04,0.02,0,0
5.68,6.225,2.267,1.11,0.08,0,4.624,1.11,-0.03,0.02,0,0
5.72,6.224,2.256,1.58,0.02,-0.01,4.612,1.11,-0.03,0.02,0,0
5.76,6.224,2.246,1.58,0.04,-0.01,4.591,1.11,-0.01,0.02,0,0
5.8,6.224,2.237,1.58,0.05,-0.01,4.58,1.11,-0.01,0.02,0,0
5.84,6.224,2.215,1.55,0.06,0,4.57,1.11,0,0.02,0,0
5.88,6.225,2.205,1.52,0.07,0,4.559,1.11,0.01,0.02,0,0
5.92,6.225,2.195,1.52,0.08,0,4.538,1.11,0.02,0.02,0,0
5.96,6.225,2.185,1.49,0.08,0,4.528,1.11,0.03,0.02,0,0
6,6.225,2.165,1.49,0.09,0,4.517,1.11,0.03,0.02,0,0
6.04,6.225,2.156,1.49,0.09,0,4.509,1.11,0.03,0.02,0,0
6.08,6.225,2.148,1.49,0.09,-0.01,4.492,1.11,0.04,0.02,0,0
6.12,6.225,2.142,1.49,0.1,-0.01,4.488,1.11,0.04,0.02,0,0
6.16,6.225,2.135,1.52,0.09,-0.02,4.484,1.13,0.03,0.02,0,0
6.2,6.225,2.134,1.58,0.09,-0.02,4.483,1.13,0.03,0.02,0,0
6.24,6.225,2.135,1.64,0.08,-0.02,4.485,1.1,0,0.02,0,0
6.28,6.225,2.137,1.75,0.06,-0.03,4.486,1.1,0,0.02,0,0
6.32,6.225,2.142,1.08,0.09,0,4.488,1.1,-0.02,0.02,0,0
6.36,6.225,2.141,1.07,0.07,0,4.488,1.1,-0.04,0.02,0,0
6.4,6.225,2.142,1.08,0.05,0,4.489,1.1,-0.06,0.02,0,0
6.44,6.225,2.141,1.07,0.04,0,4.49,1.1,-0.08,0.02,0,0
6.48,6.225,2.139,1.07,0.01,0,4.49,1.1,-0.08,0.02,0,0
6.52,6.225,2.138,1.08,0,0,4.49,1.1,-0.1,0.02,0,0
6.56,6.225,2.14,1.07,-0.02,0,4.49,1.1,-0.12,0.02,0,0
6.6,6.225,2.141,1.08,-0.02,0,4.49,1.1,-0.13,0.02,0,0
6.64,6.225,2.143,1.07,-0.03,0,4.49,1.1,-0.14,0.02,0,0
6.68,6.225,2.143,1.07,-0.04,0,4.489,1.1,-0.14,0.02,0,0
6.72,6.225,2.142,1.07,-0.05,0,4.487,1.1,-0.16,0.02,0,0
6.76,6.225,2.142,1.07,-0.06,0,4.486,1.1,-0.16,0.02,0,0
6.8,6.225,2.137,1.07,-0.07,0,4.487,1.1,-0.17,0.02,0,0
6.84,6.225,2.137,1.07,-0.07,0,4.485,1.08,-0.17,0.02,0,0
6.88,6.225,2.135,1.07,-0.07,0,4.485,1.1,-0.17,0.02,0,0
6.92,6.225,2.136,1.07,-0.07,0,4.485,1.08,-0.17,0.02,0,0
6.96,6.225,2.138,1.07,-0.07,0,4.486,1.08,-0.17,0.02,0,0
7,6.225,2.141,1.07,-0.07,0,4.487,1.1,-0.17,0.02,0,0
7.04,6.225,2.143,1.07,-0.07,0,4.488,1.08,-0.17,0.02,0,0
7.08,6.225,2.145,1.07,-0.06,0,4.488,1.1,-0.16,0.02,0,0
7.12,6.225,2.145,1.07,-0.04,0,4.488,1.1,-0.15,0.02,0,0
7.16,6.225,2.142,1.07,-0.04,0,4.487,1.1,-0.14,0.02,0,0
7.2,6.225,2.141,1.07,-0.04,0,4.486,1.1,-0.12,0.02,0,0
7.24,6.225,2.139,1.08,-0.03,0,4.485,1.1,-0.12,0.02,0,0
7.28,6.225,2.137,1.08,0,0,4.486,1.1,-0.11,0.02,0,0
7.32,6.225,2.138,1.1,0.01,0,4.485,1.11,-0.09,0.02,0,0
7.36,6.224,2.139,1.1,0.01,0,4.486,1.11,-0.08,0.02,0,0
7.4,6.224,2.14,1.1,0.04,0,4.487,1.1,-0.06,0.02,0,0
7.44,6.224,2.145,1.11,0.05,0,4.487,1.1,-0.06,0.02,0,0
7.48,6.224,2.145,1.11,0.05,0,4.488,1.11,-0.04,0.02,0,0
7.52,6.225,2.145,1.11,0.08,0,4.488,1.11,-0.03,0.02,0,0
7.56,6.225,2.144,1.11,0.08,0,4.487,1.11,-0.01,0.02,0,0
7.6,6.225,2.14,1.55,0.06,-0.01,4.487,1.11,0.01,0.02,0,0
7.64,6.225,2.138,1.55,0.08,-0.01,4.486,2.84,-0.08,-0.02,0,0
7.68,6.225,2.138,1.52,0.09,-0.01,4.486,2.9,-0.05,-0.02,0,0
7.72,6.225,2.139,1.49,0.1,-0.01,4.486,2.9,-0.05,-0.02,0,0
7.76,6.225,2.141,1.46,0.11,-0.01,4.487,2.84,-0.01,-0.01,0,0
7.8,6.225,2.142,1.43,0.12,-0.01,4.487,2.84,0.02,-0.01,0,0
7.84,6.225,2.144,1.4,0.12,-0.01,4.488,2.84,0.04,-0.01,0,0
7.88,6.225,2.144,1.4,0.13,-0.01,4.489,2.84,0.06,-0.01,0,0
7.92,6.225,2.143,1.4,0.14,-0.01,4.488,2.84,0.06,-0.01,0,0
7.96,6.225,2.141,1.43,0.14,-0.01,4.488,2.84,0.07,-0.01,0,0
8,6.225,2.141,1.43,0.14,-0.01,4.487,2.84,0.07,-0.01,0,0
8.04,6.225,2.14,1.43,0.14,-0.01,4.487,2.84,0.07,-0.01,0,0
8.08,6.225,2.139,1.43,0.14,-0.01,4.487,2.84,0.06,-0.01,0,0
8.12,6.225,2.139,1.46,0.13,-0.01,4.488,2.84,0.05,-0.01,0,0
8.16,6.225,2.141,1.49,0.13,-0.01,4.488,1.11,0.06,0.02,0,0
8.2,6.225,2.141,1.55,0.13,-0.01,4.488,1.11,0.06,0.02,0,0
8.24,6.225,2.143,1.64,0.11,-0.02,4.489,1.11,0.05,0.02,0,0
8.28,6.225,2.143,1.68,0.1,-0.02,4.489,1.11,0.04,0.02,0,0
8.32,6.225,2.142,1.71,0.09,-0.02,4.488,1.11,0.03,0.02,0,0
8.36,6.225,2.142,1.71,0.09,-0.02,4.488,1.11,0.01,0.02,0,0
8.4,6.225,2.139,1.08,0.1,0,4.488,1.11,0.01,0.02,0,0
8.44,6.225,2.139,1.83,0.05,-0.02,4.488,1.11,0,0.02,0,0
8.48,6.225,2.139,1.08,0.08,0,4.487,1.1,-0.02,0.02,0,0
8.52,6.225,2.139,1.08,0.07,0,4.487,1.1,-0.04,0.02,0,0
8.56,6.225,2.142,1.08,0.04,0,4.488,1.1,-0.05,0.02,0,0
8.6,6.225,2.143,1.08,0.03,0,4.488,1.1,-0.05,0.02,0,0
8.64,6.225,2.143,1.08,0.03,0,4.488,1.1,-0.08,0.02,0,0
8.68,6.225,2.143,1.07,0.02,0,4.488,1.1,-0.08,0.02,0,0
8.72,6.225,2.141,1.07,0,0,4.488,1.1,-0.1,0.02,0,0
8.76,6.225,2.14,1.07,-0.01,0,4.488,1.1,-0.11,0.02,0,0
8.8,6.225,2.14,1.07,-0.02,0,4.487,1.1,-0.13,0.02,0,0
8.84,6.225,2.139,1.07,-0.03,0,4.487,1.1,-0.14,0.02,0,0
8.88,6.225,2.14,1.07,-0.04,0,4.487,1.1,-0.14,0.02,0,0
8.92,6.225,2.14,1.07,-0.04,0,4.487,1.1,-0.15,0.02,0,0
8.96,6.225,2.141,1.07,-0.05,0,4.488,1.1,-0.15,0.02,0,0
9,6.225,2.142,1.07,-0.05,0,4.488,1.1,-0.16,0.02,0,0
9.04,6.225,2.142,1.07,-0.06,0,4.488,1.1,-0.16,0.02,0,0
9.08,6.225,2.142,1.07,-0.06,0,4.488,1.1,-0.16,0.02,0,0
9.12,6.225,2.141,1.07,-0.06,0,4.488,1.08,-0.16,0.02,0,0
9.16,6.225,2.14,1.07,-0.06,0,4.487,1.08,-0.16,0.02,0,0
9.2,6.225,2.139,1.07,-0.05,0,4.487,1.08,-0.15,0.02,0,0
9.24,6.225,2.139,1.07,-0.05,0,4.487,1.08,-0.15,0.02,0,0
9.28,6.225,2.14,1.07,-0.04,0,4.487,1.1,-0.14,0.02,0,0
9.32,6.225,2.14,1.08,-0.04,0,4.487,1.1,-0.13,0.02,0,0
9.36,6.225,2.141,1.07,-0.02,0,4.488,1.1,-0.13,0.02,0,0
9.4,6.225,2.142,1.08,-0.01,0,4.488,1.1,-0.12,0.02,0,0
9.44,6.225,2.142,1.08,0,0,4.488,1.1,-0.1,0.02,0,0
9.48,6.225,2.141,1.1,0.01,0,4.488,1.11,-0.09,0.02,0,0
9.52,6.225,2.141,1.11,0.02,-0.01,4.487,1.11,-0.08,0.02,0,0
9.56,6.225,2.14,1.11,0.02,-0.01,4.487,1.11,-0.08,0.02,0,0
9.6,6.225,2.14,1.11,0.05,-0.01,4.487,1.11,-0.05,0.02,0,0
9.64,6.225,2.14,1.1,0.06,0,4.487,1.11,-0.05,0.02,0,0
9.68,6.225,2.141,1.1,0.08,0,4.487,1.11,-0.03,0.02,0,0
9.72,6.225,2.141,0.88,0.04,0.01,4.488,1.11,-0.02,0.02,0,0
9.76,6.225,2.142,1.55,0.05,-0.01,4.488,1.13,0,0.02,0,0
9.8,6.225,2.142,1.55,0.05,-0.01,4.488,1.11,0.01,0.02,0,0
9.84,6.225,2.142,1.52,0.07,-0.01,4.488,1.11,0.01,0.02,0,0
9.88,6.225,2.141,1.49,0.08,-0.01,4.488,1.11,0.02,0.02,0,0
9.92,6.225,2.141,1.46,0.09,-0.01,4.488,1.11,0.03,0.02,0,0
9.96,6.225,2.14,1.46,0.1,-0.01,4.487,1.11,0.04,0.02,0,0
10,6.225,2.14,1.46,0.11,-0.01,4.487,1.11,0.05,0.02,0,0
10.04,6.225,2.141,1.46,0.12,-0.01,4.487,1.11,0.05,0.02,0,0
10.08,6.225,2.141,1.46,0.12,-0.01,4.488,2.84,0.03,-0.01,0,0
10.12,6.225,2.141,1.46,0.12,-0.01,4.488,2.84,0.03,-0.01,0,0
10.16,6.225,2.142,1.46,0.13,-0.01,4.488,2.84,0.03,-0.01,0,0
10.2,6.225,2.142,1.43,0.12,-0.01,4.488,2.84,0.03,-0.01,0,0
10.24,6.225,2.142,1.46,0.12,-0.01,4.488,2.84,0.03,-0.01,0,0
10.28,6.225,2.141,1.49,0.12,-0.01,4.487,2.84,0.01,-0.01,0,0
10.32,6.225,2.14,1.52,0.12,-0.01,4.487,2.84,0.01,-0.01,0,0
10.36,6.225,2.14,1.55,0.11,-0.01,4.487,1.11,0.05,0.02,0,0
10.4,6.225,2.14,1.58,0.11,-0.01,4.487,1.11,0.04,0.02,0,0
10.44,6.225,2.141,1.64,0.1,-0.02,4.488,1.11,0.03,0.02,0,0
10.48,6.225,2.141,1.71,0.08,-0.02,4.488,1.11,0.02,0.02,0,0
10.52,6.225,2.142,1.75,0.07,-0.02,4.488,1.11,0.01,0.02,0,0
10.56,6.225,2.142,1.79,0.06,-0.02,4.488,1.1,-0.01,0.02,0,0
10.6,6.225,2.142,1.83,0.04,-0.02,4.488,1.1,-0.01,0.02,0,0
10.64,6.225,2.141,1.08,0.08,0,4.488,1.1,-0.02,0.02,0,0
10.68,6.225,2.14,1.08,0.07,0,4.488,1.1,-0.04,0.02,0,0
10.72,6.225,2.14,1.08,0.06,0,4.487,1.1,-0.05,0.02,0,0
10.76,6.225,2.14,1.07,0.05,0,4.487,1.1,-0.06,0.02,0,0
10.8,6.225,2.14,1.07,0.03,0,4.487,1.1,-0.06,0.02,0,0
10.84,6.225,2.141,1.07,0.02,0,4.488,1.1,-0.09,0.02,0,0
10.88,6.225,2.141,1.07,0.01,0,4.488,1.1,-0.09,0.02,0,0
10.92,6.225,2.142,1.07,0,0,4.488,1.1,-0.1,0.02,0,0
10.96,6.225,2.141,1.07,-0.01,0,4.488,1.1,-0.11,0.02,0,0
11,6.225,2.141,1.07,-0.02,0,4.488,1.1,-0.13,0.02,0,0
11.04,6.225,2.14,1.07,-0.02,0,4.487,1.1,-0.13,0.02,0,0
11.08,6.225,2.14,1.07,-0.03,0,4.487,1.1,-0.13,0.02,0,0
11.12,6.225,2.14,1.07,-0.04,0,4.487,1.1,-0.14,0.02,0,0
11.16,6.225,2.14,1.07,-0.04,0,4.487,1.1,-0.14,0.02,0,0
11.2,6.225,2.14,1.07,-0.04,0,4.487,1.08,-0.14,0.03,0,0
11.24,6.225,2.141,1.07,-0.04,0,4.487,1.1,-0.15,0.02,0,0
11.28,6.225,2.141,1.07,-0.04,0,4.487,1.1,-0.15,0.02,0,0
11.32,6.225,2.141,1.07,-0.04,0,4.488,1.1,-0.15,0.02,0,0
11.36,6.225,2.141,1.07,-0.04,0,4.487,1.1,-0.14,0.02,0,0
11.4,6.225,2.141,1.07,-0.04,0,4.487,1.1,-0.14,0.02,0,0
11.44,6.225,2.14,1.08,-0.02,0,4.487,1.1,-0.13,0.02,0,0
11.48,6.225,2.14,1.08,-0.02,0,4.487,1.1,-0.13,0.02,0,0
11.52,6.225,2.14,1.08,-0.02,0,4.487,1.1,-0.11,0.02,0,0
11.56,6.225,2.14,1.08,-0.01,0,4.487,1.1,-0.11,0.02,0,0
11.6,6.225,2.141,1.08,0.01,0,4.487,1.11,-0.1,0.02,0,0
11.64,6.225,2.141,1.08,0.02,0,4.487,1.1,-0.09,0.02,0,0
11.68,6.225,2.141,1.1,0.03,0,4.488,1.11,-0.08,0.02,0,0
11.72,6.225,2.141,1.11,0.04,0,4.488,1.11,-0.06,0.02,0,0
11.76,6.225,2.141,1.11,0.06,0,4.488,1.11,-0.06,0.02,0,0
11.8,6.225,2.141,1.11,0.06,0,4.487,1.11,-0.05,0.02,0,0
11.84,6.225,2.14,1.1,0.07,0,4.487,1.11,-0.04,0.02,0,0
11.88,6.225,2.141,1.11,0.08,0,4.487,1.11,-0.02,0.02,0,0
11.92,6.225,2.141,1.58,0.04,-0.01,4.487,1.11,-0.01,0.02,0,0
11.96,6.225,2.141,1.55,0.05,-0.01,4.488,1.13,0,0.02,0,0
12,6.225,2.141,1.52,0.06,-0.01,4.488,1.13,0.01,0.02,0,0
12.04,6.225,2.141,1.52,0.07,-0.01,4.488,1.13,0.01,0.02,0,0
12.08,6.225,2.141,1.49,0.08,-0.01,4.488,1.11,0.02,0.02,0,0
12.12,6.225,2.141,1.49,0.09,-0.01,4.488,1.11,0.03,0.02,0,0
12.16,6.225,2.141,1.49,0.1,-0.01,4.487,1.13,0.04,0.02,0,0
12.2,6.225,2.141,1.49,0.1,-0.01,4.487,1.11,0.05,0.02,0,0
12.24,6.225,2.14,1.46,0.11,-0.01,4.487,1.11,0.05,0.02,0,0
12.28,6.225,2.14,1.46,0.11,-0.01,4.487,2.84,-0.01,-0.01,0,0
12.32,6.225,2.141,1.46,0.11,-0.01,4.488,2.84,0,-0.01,0,0
12.36,6.225,2.141,1.46,0.11,-0.01,4.488,2.9,-0.01,-0.02,0,0
12.4,6.225,2.141,1.46,0.11,-0.01,4.488,1.11,0.05,0.02,0,0
12.44,6.225,2.141,1.49,0.11,-0.01,4.488,1.11,0.05,0.02,0,0
12.48,6.225,2.141,1.52,0.1,-0.01,4.488,1.11,0.04,0.02,0,0
12.52,6.225,2.141,1.55,0.1,-0.01,4.488,1.11,0.04,0.02,0,0
12.56,6.225,2.141,1.61,0.09,-0.02,4.488,1.11,0.03,0.02,0,0
12.6,6.225,2.141,1.64,0.08,-0.02,4.487,1.11,0.02,0.02,0,0
12.64,6.225,2.141,1.71,0.07,-0.02,4.487,1.11,0.01,0.02,0,0
12.68,6.225,2.141,1.71,0.07,-0.02,4.487,1.11,0,0.02,0,0
12.72,6.225,2.141,1.75,0.05,-0.02,4.488,1.11,0,0.02,0,0
12.76,6.225,2.141,1.79,0.04,-0.02,4.488,1.1,-0.01,0.02,0,0
12.8,6.225,2.141,1.1,0.08,0,4.488,1.1,-0.02,0.02,0,0
12.84,6.225,2.141,1.08,0.07,0,4.488,1.1,-0.04,0.02,0,0
12.88,6.225,2.141,1.08,0.05,0,4.488,1.1,-0.05,0.02,0,0
12.92,6.225,2.141,1.07,0.04,0,4.487,1.1,-0.06,0.02,0,0
12.96,6.225,2.14,1.07,0.04,0,4.487,1.1,-0.07,0.02,0,0
13,6.225,2.14,1.07,0.03,0,4.487,1.1,-0.07,0.02,0,0
13.04,6.225,2.141,1.07,0.02,0,4.487,1.1,-0.08,0.02,0,0
13.08,6.225,2.141,1.07,0.01,0,4.487,1.1,-0.09,0.02,0,0
13.12,6.225,2.141,1.07,0,0,4.488,1.1,-0.11,0.02,0,0
13.16,6.225,2.141,1.07,-0.01,0,4.487,1.1,-0.11,0.02,0,0
13.2,6.225,2.141,1.07,-0.02,0,4.488,1.1,-0.11,0.02,0,0
13.24,6.225,2.141,1.07,-0.02,0,4.488,1.1,-0.12,0.02,0,0
13.28,6.225,2.141,1.07,-0.02,0,4.487,1.1,-0.13,0.02,0,0
13.32,6.225,2.14,1.07,-0.03,0,4.487,1.1,-0.13,0.02,0,0
13.36,6.225,2.14,1.07,-0.03,0,4.487,1.1,-0.13,0.02,0,0
13.4,6.225,2.14,1.07,-0.03,0,4.487,1.1,-0.13,0.02,0,0
13.44,6.225,2.14,1.07,-0.03,0,4.487,1.1,-0.13,0.02,0,0
13.48,6.225,2.141,1.07,-0.03,0,4.487,1.1,-0.13,0.02,0,0
13.52,6.225,2.141,1.07,-0.03,0,4.487,1.1,-0.13,0.02,0,0
13.56,6.225,2.141,1.07,-0.02,0,4.488,1.1,-0.13,0.02,0,0
13.6,6.225,2.141,1.07,-0.02,0,4.487,1.1,-0.12,0.02,0,0
13.64,6.225,2.141,1.08,-0.01,0,4.487,1.1,-0.11,0.02,0,0
13.68,6.225,2.14,1.08,0,0,4.487,1.1,-0.11,0.02,0,0
13.72,6.225,2.14,1.08,0.01,0,4.487,1.1,-0.1,0.02,0,0
13.76,6.225,2.14,1.08,0.01,0,4.487,1.11,-0.09,0.02,0,0
13.8,6.225,2.14,1.1,0.02,0,4.487,1.11,-0.08,0.02,0,0
13.84,6.225,2.141,1.11,0.03,0,4.487,1.11,-0.07,0.02,0,0
13.88,6.225,2.141,1.1,0.04,0,4.488,1.11,-0.06,0.02,0,0
13.92,6.225,2.141,1.1,0.05,0,4.488,1.11,-0.05,0.02,0,0
13.96,6.225,2.141,1.1,0.06,0,4.488,1.11,-0.05,0.02,0,0
14,6.225,2.141,1.1,0.07,0,4.487,1.11,-0.04,0.02,0,0
14.04,6.225,2.141,1.58,0.02,-0.01,4.487,1.11,-0.03,0.02,0,0
14.08,6.225,2.141,1.58,0.03,-0.01,4.487,1.11,-0.01,0.02,0,0
14.12,6.225,2.141,1.58,0.03,-0.01,4.487,1.11,0,0.02,0,0
14.16,6.225,2.141,1.55,0.05,-0.01,4.487,1.11,0,0.02,0,0
14.2,6.225,2.141,1.55,0.06,-0.01,4.487,1.11,0,0.02,0,0
14.24,6.225,2.141,1.55,0.07,-0.01,4.487,1.11,0.01,0.02,0,0
14.28,6.225,2.141,1.52,0.08,-0.01,4.488,1.11,0.02,0.02,0,0
14.32,6.225,2.141,1.49,0.09,-0.01,4.488,1.13,0.03,0.02,0,0
14.36,6.225,2.141,1.49,0.09,-0.01,4.488,1.13,0.03,0.02,0,0
14.4,6.225,2.141,1.49,0.09,-0.01,4.488,1.11,0.04,0.02,0,0
14.44,6.225,2.141,1.49,0.09,-0.01,4.487,1.11,0.04,0.02,0,0
14.48,6.225,2.141,1.49,0.1,-0.01,4.487,1.13,0.04,0.02,0,0
14.52,6.225,2.141,1.49,0.1,-0.01,4.487,1.13,0.04,0.02,0,0
14.56,6.225,2.141,1.49,0.1,-0.01,4.488,1.13,0.04,0.02,0,0
14.6,6.225,2.141,1.52,0.09,-0.01,4.488,1.11,0.03,0.02,0,0
14.64,6.225,2.141,1.55,0.09,-0.01,4.488,1.11,0.03,0.02,0,0
14.68,6.225,2.141,1.55,0.09,-0.01,4.488,1.11,0.03,0.02,0,0
14.72,6.225,2.141,1.58,0.08,-0.01,4.488,1.11,0.02,0.02,0,0
14.76,6.225,2.141,1.61,0.07,-0.01,4.488,1.11,0.01,0.02,0,0
14.8,6.225,2.141,1.68,0.06,-0.02,4.487,1.11,0,0.02,0,0
14.84,6.225,2.141,1.71,0.05,-0.02,4.487,1.11,0,0.02,0,0
14.88,6.225,2.141,1.75,0.04,-0.02,4.487,1.1,-0.02,0.02,0,0
14.92,6.225,2.141,1.08,0.08,0,4.487,1.1,-0.02,0.02,0,0
14.96,6.225,2.141,1.1,0.08,0,4.488,1.1,-0.03,0.02,0,0
15,6.225,2.141,1.08,0.07,0,4.488,1.1,-0.04,0.02,0,0
15.04,6.225,2.141,1.08,0.06,0,4.487,1.1,-0.05,0.02,0,0
15.08,6.225,2.141,1.08,0.05,0,4.487,1.1,-0.06,0.02,0,0
15.12,6.225,2.141,1.07,0.04,0,4.487,1.1,-0.06,0.02,0,0
15.16,6.225,2.141,1.07,0.03,0,4.487,1.1,-0.07,0.02,0,0
15.2,6.225,2.141,1.07,0.02,0,4.487,1.1,-0.08,0.02,0,0
15.24,6.225,2.141,1.07,0.01,0,4.487,1.1,-0.09,0.02,0,0
15.28,6.225,2.141,1.07,0.01,0,4.487,1.1,-0.1,0.02,0,0
15.32,6.225,2.141,1.07,0,0,4.487,1.1,-0.1,0.02,0,0
15.36,6.225,2.141,1.07,0,0,4.487,1.1,-0.11,0.02,0,0
15.4,6.225,2.141,1.07,-0.01,0,4.487,1.1,-0.11,0.02,0,0
15.44,6.225,2.141,1.07,-0.01,0,4.487,1.1,-0.12,0.02,0,0
15.48,6.225,2.141,1.07,-0.02,0,4.487,1.1,-0.12,0.02,0,0
15.52,6.225,2.141,1.07,-0.02,0,4.487,1.1,-0.12,0.02,0,0
15.56,6.225,2.141,1.07,-0.02,0,4.487,1.1,-0.12,0.02,0,0
15.6,6.225,2.141,1.07,-0.02,0,4.487,1.1,-0.12,0.02,0,0
15.64,6.225,2.141,1.07,-0.02,0,4.487,1.1,-0.12,0.02,0,0
15.68,6.225,2.141,1.07,-0.01,0,4.487,1.1,-0.12,0.02,0,0
15.72,6.225,2.141,1.07,-0.01,0,4.487,1.1,-0.11,0.02,0,0
15.76,6.225,2.141,1.08,0,0,4.487,1.1,-0.11,0.02,0,0
15.8,6.225,2.141,1.08,0,0,4.487,1.1,-0.11,0.02,0,0
15.84,6.225,2.141,1.08,0,0,4.487,1.1,-0.09,0.02,0,0
15.88,6.225,2.14,1.08,0.01,0,4.487,1.1,-0.09,0.02,0,0
15.92,6.225,2.14,1.08,0.02,0,4.487,1.11,-0.09,0.02,0,0
15.96,6.225,2.14,1.08,0.03,0,4.487,1.1,-0.08,0.02,0,0
16,6.225,2.141,1.1,0.04,0,4.487,1.11,-0.07,0.02,0,0
16.04,6.225,2.14,1.1,0.04,0,4.487,1.11,-0.06,0.02,0,0
16.08,6.225,2.141,1.1,0.06,0,4.487,1.11,-0.06,0.02,0,0
16.12,6.225,2.141,1.1,0.06,0,4.487,1.11,-0.05,0.02,0,0
16.16,6.225,2.141,1.1,0.07,0,4.487,1.11,-0.04,0.02,0,0
16.2,6.225,2.141,1.1,0.07,0,4.488,1.11,-0.03,0.02,0,0
16.24,6.225,2.141,1.58,0.03,-0.01,4.488,1.11,-0.02,0.02,0,0
16.28,6.225,2.141,1.58,0.04,-0.01,4.487,1.11,-0.01,0.02,0,0
16.32,6.225,2.141,1.58,0.05,-0.01,4.487,1.11,0,0.02,0,0
16.36,6.225,2.14,1.55,0.05,-0.01,4.488,1.11,0,0.02,0,0
16.4,6.225,2.141,1.55,0.06,-0.01,4.488,1.11,0.01,0.02,0,0
16.44,6.225,2.141,1.55,0.07,-0.01,4.487,1.11,0.01,0.02,0,0
16.48,6.225,2.141,1.52,0.07,-0.01,4.488,1.11,0.02,0.02,0,0
16.52,6.225,2.141,1.52,0.07,-0.01,4.488,1.11,0.02,0.02,0,0
16.56,6.225,2.141,1.49,0.08,-0.01,4.488,1.11,0.02,0.02,0,0
16.6,6.225,2.141,1.49,0.08,-0.01,4.488,1.11,0.03,0.02,0,0
16.64,6.225,2.141,1.52,0.08,-0.01,4.488,1.11,0.03,0.02,0,0
16.68,6.225,2.141,1.52,0.08,-0.01,4.488,1.13,0.03,0.02,0,0
16.72,6.225,2.141,1.52,0.08,-0.01,4.488,1.13,0.02,0.02,0,0
16.76,6.225,2.141,1.55,0.08,-0.01,4.488,1.13,0.02,0.02,0,0
16.8,6.225,2.141,1.55,0.08,-0.01,4.487,1.11,0.01,0.02,0,0
16.84,6.225,2.141,1.58,0.07,-0.01,4.487,1.11,0.01,0.02,0,0
16.88,6.225,2.141,1.64,0.06,-0.02,4.488,1.11,0.01,0.02,0,0
16.92,6.225,2.141,1.68,0.06,-0.02,4.488,1.11,0,0.02,0,0
16.96,6.225,2.141,1.71,0.05,-0.02,4.488,1.11,-0.01,0.02,0,0
17,6.225,2.141,1.71,0.05,-0.02,4.487,1.11,-0.01,0.02,0,0
17.04,6.225,2.141,1.08,0.08,0,4.488,1.11,-0.01,0.02,0,0
17.08,6.225,2.141,1.08,0.08,0,4.488,1.11,-0.03,0.02,0,0
17.12,6.225,2.141,1.1,0.07,0,4.487,1.11,-0.03,0.02,0,0
17.16,6.225,2.141,1.08,0.06,0,4.487,1.1,-0.04,0.02,0,0
17.2,6.225,2.141,1.07,0.05,0,4.487,1.1,-0.05,0.02,0,0
17.24,6.225,2.141,1.08,0.04,0,4.487,1.1,-0.05,0.02,0,0
17.28,6.225,2.141,1.08,0.04,0,4.488,1.1,-0.07,0.02,0,0
17.32,6.225,2.141,1.07,0.04,0,4.488,1.1,-0.07,0.02,0,0
17.36,6.225,2.141,1.07,0.02,0,4.488,1.1,-0.08,0.02,0,0
17.4,6.225,2.141,1.07,0.02,0,4.488,1.1,-0.08,0.02,0,0
17.44,6.225,2.14,1.07,0.01,0,4.488,1.1,-0.09,0.02,0,0
17.48,6.225,2.141,1.07,0.01,0,4.488,1.1,-0.1,0.02,0,0
17.52,6.225,2.14,1.07,0,0,4.488,1.1,-0.1,0.02,0,0
17.56,6.225,2.141,1.07,0,0,4.488,1.1,-0.11,0.02,0,0
17.6,6.225,2.141,1.07,0,0,4.488,1.1,-0.11,0.02,0,0
17.64,6.225,2.141,1.07,0,0,4.488,1.1,-0.11,0.02,0,0
17.68,6.225,2.141,1.07,-0.01,0,4.488,1.1,-0.11,0.02,0,0
17.72,6.225,2.141,1.07,-0.01,0,4.488,1.1,-0.11,0.02,0,0
17.76,6.225,2.141,1.07,-0.01,0,4.488,1.1,-0.11,0.02,0,0
17.8,6.225,2.141,1.07,0,0,4.488,1.1,-0.11,0.02,0,0
17.84,6.225,2.141,1.07,0,0,4.488,1.1,-0.11,0.02,0,0
17.88,6.225,2.141,1.07,0,0,4.488,1.1,-0.1,0.02,0,0
17.92,6.225,2.14,1.07,0,0,4.488,1.1,-0.1,0.02,0,0
17.96,6.225,2.14,1.08,0.01,0,4.488,1.1,-0.09,0.02,0,0
18,6.225,2.141,1.08,0.02,0,4.488,1.1,-0.09,0.02,0,0
18.04,6.225,2.141,1.08,0.02,0,4.488,1.1,-0.08,0.02,0,0
18.08,6.225,2.141,1.08,0.03,0,4.488,1.1,-0.08,0.02,0,0
18.12,6.225,2.141,1.08,0.03,0,4.488,1.11,-0.07,0.02,0,0
18.16,6.225,2.141,1.1,0.04,0,4.488,1.11,-0.06,0.02,0,0
18.2,6.225,2.141,1.1,0.05,0,4.488,1.11,-0.06,0.02,0,0
18.24,6.225,2.141,1.1,0.05,0,4.488,1.11,-0.04,0.02,0,0
18.28,6.225,2.14,1.1,0.06,0,4.488,1.11,-0.04,0.02,0,0
18.32,6.225,2.141,1.11,0.08,0,4.487,1.11,-0.04,0.02,0,0
18.36,6.225,2.141,1.61,0.02,-0.02,4.487,1.11,-0.03,0.02,0,0
18.4,6.225,2.141,1.61,0.03,-0.02,4.487,1.11,-0.02,0.02,0,0
18.44,6.225,2.141,1.61,0.03,-0.02,4.488,1.11,-0.01,0.02,0,0
18.48,6.225,2.141,1.58,0.04,-0.01,4.488,1.11,-0.01,0.02,0,0
18.52,6.225,2.141,1.58,0.05,-0.01,4.487,1.11,0,0.02,0,0
18.56,6.225,2.141,1.58,0.05,-0.01,4.488,1.11,0,0.02,0,0
18.6,6.225,2.141,1.55,0.06,-0.01,4.488,1.11,0,0.02,0,0
18.64,6.225,2.141,1.52,0.06,-0.01,4.488,1.11,0.01,0.02,0,0
18.68,6.225,2.141,1.52,0.07,-0.01,4.488,1.11,0.01,0.02,0,0
18.72,6.225,2.141,1.52,0.07,-0.01,4.488,1.11,0.01,0.02,0,0
18.76,6.225,2.141,1.52,0.07,-0.01,4.488,1.11,0.01,0.02,0,0
18.8,6.225,2.141,1.52,0.07,-0.01,4.488,1.11,0.01,0.02,0,0
18.84,6.225,2.141,1.55,0.07,-0.01,4.488,1.11,0.01,0.02,0,0
18.88,6.225,2.141,1.55,0.07,-0.01,4.488,1.11,0.01,0.02,0,0
18.92,6.225,2.141,1.55,0.06,-0.01,4.487,1.11,0.01,0.02,0,0
18.96,6.225,2.141,1.61,0.06,-0.01,4.487,1.11,0.01,0.02,0,0
19,6.225,2.141,1.61,0.06,-0.01,4.487,1.11,0,0.02,0,0
19.04,6.225,2.141,1.61,0.05,-0.01,4.488,1.11,0,0.02,0,0
19.08,6.225,2.141,1.64,0.05,-0.02,4.487,1.11,-0.01,0.02,0,0
19.12,6.225,2.141,1.71,0.04,-0.02,4.488,1.11,-0.02,0.02,0,0
19.16,6.225,2.141,1.1,0.08,0,4.487,1.11,-0.02,0.02,0,0
19.2,6.225,2.141,1.75,0.02,-0.02,4.488,1.11,-0.03,0.02,0,0
19.24,6.225,2.141,1.08,0.07,0,4.487,1.11,-0.03,0.02,0,0
19.28,6.225,2.141,1.08,0.06,0,4.488,1.1,-0.04,0.02,0,0
19.32,6.225,2.141,1.08,0.06,0,4.487,1.1,-0.05,0.02,0,0
19.36,6.225,2.141,1.08,0.05,0,4.487,1.1,-0.05,0.02,0,0
19.4,6.225,2.141,1.08,0.05,0,4.487,1.1,-0.06,0.02,0,0
19.44,6.225,2.141,1.07,0.04,0,4.487,1.1,-0.06,0.02,0,0
19.48,6.225,2.141,1.08,0.03,0,4.487,1.1,-0.08,0.02,0,0
19.52,6.225,2.141,1.07,0.03,0,4.487,1.1,-0.08,0.02,0,0
19.56,6.225,2.141,1.08,0.02,0,4.487,1.1,-0.08,0.02,0,0
19.6,6.225,2.141,1.07,0.02,0,4.487,1.1,-0.09,0.02,0,0
19.64,6.225,2.141,1.08,0.01,0,4.487,1.1,-0.09,0.02,0,0
19.68,6.225,2.141,1.07,0.01,0,4.487,1.1,-0.09,0.02,0,0
19.72,6.225,2.141,1.07,0.01,0,4.487,1.1,-0.09,0.02,0,0
19.76,6.225,2.141,1.07,0,0,4.487,1.1,-0.1,0.02,0,0
19.8,6.225,2.141,1.07,0,0,4.487,1.1,-0.1,0.02,0,0
19.84,6.225,2.141,1.07,0,0,4.487,1.1,-0.1,0.02,0,0
19.88,6.225,2.141,1.07,0,0,4.487,1.1,-0.1,0.02,0,0
19.92,6.225,2.141,1.07,0,0,4.487,1.1,-0.1,0.02,0,0
19.96,6.225,2.141,1.07,0.01,0,4.487,1.1,-0.1,0.02,0,0
20,6.225,2.141,1.08,0.01,0,4.487,1.1,-0.1,0.02,0,0
20.04,6.225,2.141,1.07,0.01,0,4.487,1.1,-0.09,0.02,0,0
20.08,6.225,2.141,1.08,0.02,0,4.487,1.1,-0.09,0.02,0,0
20.12,6.225,2.141,1.08,0.02,0,4.488,1.1,-0.09,0.02,0,0
20.16,6.225,2.141,1.08,0.02,0,4.487,1.1,-0.07,0.02,0,0
20.2,6.225,2.141,1.08,0.03,0,4.487,1.1,-0.07,0.02,0,0
20.24,6.225,2.141,1.1,0.04,0,4.487,1.1,-0.07,0.02,0,0
20.28,6.225,2.141,1.08,0.04,0,4.487,1.11,-0.06,0.02,0,0
20.32,6.225,2.141,1.1,0.05,0,4.487,1.11,-0.06,0.02,0,0
20.36,6.225,2.141,1.1,0.05,0,4.487,1.11,-0.05,0.02,0,0
20.4,6.225,2.141,1.1,0.07,0,4.488,1.11,-0.05,0.02,0,0
20.44,6.225,2.141,1.1,0.07,0,4.488,1.11,-0.03,0.02,0,0
20.48,6.225,2.141,1.11,0.07,0,4.488,1.11,-0.03,0.02,0,0
20.52,6.225,2.141,1.61,0.02,-0.02,4.488,1.11,-0.03,0.02,0,0
20.56,6.225,2.141,1.61,0.03,-0.02,4.488,1.11,-0.02,0.02,0,0
20.6,6.225,2.141,1.61,0.03,-0.02,4.488,1.11,-0.01,0.02,0,0
20.64,6.225,2.141,1.61,0.04,-0.02,4.488,1.11,-0.01,0.02,0,0
20.68,6.225,2.141,1.58,0.04,-0.01,4.488,1.11,-0.01,0.02,0,0
20.72,6.225,2.141,1.58,0.05,-0.01,4.488,1.11,0,0.02,0,0
20.76,6.225,2.141,1.55,0.05,-0.01,4.488,1.11,0,0.02,0,0
20.8,6.225,2.141,1.55,0.05,-0.01,4.488,1.11,0,0.02,0,0
20.84,6.225,2.141,1.55,0.06,-0.01,4.488,1.11,0,0.02,0,0
20.88,6.225,2.141,1.55,0.06,-0.01,4.488,1.11,0,0.02,0,0
20.92,6.225,2.141,1.55,0.06,-0.01,4.488,1.11,0,0.02,0,0
20.96,6.225,2.141,1.55,0.06,-0.01,4.488,1.11,0,0.02,0,0
21,6.225,2.141,1.55,0.06,-0.01,4.488,1.11,0,0.02,0,0
21.04,6.225,2.141,1.58,0.05,-0.01,4.488,1.11,0,0.02,0,0
21.08,6.225,2.141,1.58,0.05,-0.01,4.488,1.11,0,0.02,0,0
21.12,6.225,2.141,1.61,0.05,-0.01,4.488,1.11,-0.01,0.02,0,0
21.16,6.225,2.141,1.64,0.04,-0.02,4.488,1.11,-0.01,0.02,0,0
21.2,6.225,2.141,1.68,0.03,-0.02,4.488,1.11,-0.01,0.02,0,0
21.24,6.225,2.141,1.71,0.03,-0.02,4.488,1.11,-0.02,0.02,0,0
21.28,6.225,2.141,1.75,0.02,-0.02,4.488,1.11,-0.03,0.02,0,0
21.32,6.225,2.141,1.75,0.02,-0.02,4.488,1.11,-0.03,0.02,0,0
21.36,6.225,2.141,1.08,0.07,0,4.488,1.11,-0.03,0.02,0,0
21.4,6.225,2.141,1.08,0.06,0,4.488,1.1,-0.04,0.02,0,0
21.44,6.225,2.141,1.08,0.06,0,4.488,1.11,-0.04,0.02,0,0
21.48,6.225,2.141,1.08,0.05,0,4.488,1.1,-0.05,0.02,0,0
21.52,6.225,2.141,1.08,0.04,0,4.488,1.1,-0.06,0.02,0,0
21.56,6.225,2.141,1.07,0.04,0,4.488,1.1,-0.06,0.02,0,0
21.6,6.225,2.141,1.07,0.04,0,4.488,1.1,-0.07,0.02,0,0
21.64,6.225,2.141,1.08,0.04,0,4.488,1.1,-0.07,0.02,0,0
21.68,6.225,2.141,1.08,0.03,0,4.488,1.1,-0.07,0.02,0,0
21.72,6.225,2.141,1.07,0.02,0,4.488,1.1,-0.08,0.02,0,0
21.76,6.225,2.141,1.08,0.02,0,4.488,1.1,-0.08,0.02,0,0
21.8,6.225,2.141,1.07,0.02,0,4.488,1.1,-0.09,0.02,0,0
21.84,6.225,2.141,1.07,0.01,0,4.488,1.1,-0.09,0.02,0,0
21.88,6.225,2.141,1.07,0.01,0,4.488,1.1,-0.09,0.02,0,0
21.92,6.225,2.141,1.07,0.01,0,4.488,1.1,-0.09,0.02,0,0
21.96,6.225,2.141,1.07,0.01,0,4.488,1.1,-0.09,0.02,0,0
22,6.225,2.141,1.07,0.01,0,4.488,1.1,-0.09,0.02,0,0
22.04,6.225,2.141,1.08,0.01,0,4.488,1.1,-0.09,0.02,0,0
22.08,6.225,2.141,1.07,0.02,0,4.488,1.1,-0.09,0.02,0,0
22.12,6.225,2.141,1.08,0.02,0,4.488,1.1,-0.09,0.02,0,0
22.16,6.225,2.141,1.08,0.02,0,4.488,1.1,-0.08,0.02,0,0
22.2,6.225,2.141,1.08,0.02,0,4.488,1.1,-0.08,0.02,0,0
22.24,6.225,2.141,1.08,0.03,0,4.488,1.1,-0.08,0.02,0,0
22.28,6.225,2.141,1.08,0.03,0,4.488,1.1,-0.07,0.02,0,0
22.32,6.225,2.141,1.1,0.04,0,4.488,1.1,-0.07,0.02,0,0
22.36,6.225,2.141,1.08,0.04,0,4.488,1.11,-0.07,0.02,0,0
22.4,6.225,2.141,1.08,0.05,0,4.488,1.1,-0.06,0.02,0,0
22.44,6.225,2.141,1.1,0.05,0,4.488,1.11,-0.05,0.02,0,0
22.48,6.225,2.141,1.1,0.06,0,4.487,1.11,-0.05,0.02,0,0
22.52,6.225,2.141,1.1,0.06,0,4.487,1.11,-0.04,0.02,0,0
22.56,6.225,2.141,1.1,0.07,0,4.487,1.11,-0.04,0.02,0,0
22.6,6.225,2.141,1.1,0.07,0,4.487,1.11,-0.04,0.02,0,0
22.64,6.225,2.141,1.11,0.08,0,4.487,1.11,-0.03,0.02,0,0
22.68,6.225,2.141,1.61,0.02,-0.01,4.487,1.11,-0.02,0.02,0,0
22.72,6.225,2.141,1.61,0.03,-0.01,4.487,1.11,-0.02,0.02,0,0
22.76,6.225,2.141,1.61,0.03,-0.01,4.487,1.11,-0.02,0.02,0,0
22.8,6.225,2.141,1.61,0.04,-0.01,4.488,1.11,-0.02,0.02,0,0
22.84,6.225,2.141,1.61,0.04,-0.01,4.487,1.11,-0.01,0.02,0,0
22.88,6.225,2.141,1.58,0.04,-0.01,4.487,1.11,-0.01,0.02,0,0
22.92,6.225,2.141,1.58,0.04,-0.01,4.487,1.11,-0.01,0.02,0,0
22.96,6.225,2.141,1.58,0.05,-0.01,4.487,1.11,-0.01,0.02,0,0
23,6.225,2.141,1.58,0.05,-0.01,4.487,1.11,0,0.02,0,0
23.04,6.225,2.141,1.58,0.05,-0.01,4.487,1.11,0,0.02,0,0
23.08,6.225,2.141,1.58,0.05,-0.01,4.487,1.11,0,0.02,0,0
23.12,6.225,2.141,1.58,0.04,-0.01,4.487,1.11,-0.01,0.02,0,0
23.16,6.225,2.141,1.61,0.04,-0.01,4.488,1.11,-0.01,0.02,0,0
23.2,6.225,2.141,1.61,0.04,-0.01,4.488,1.11,-0.01,0.02,0,0
23.24,6.225,2.141,1.64,0.04,-0.02,4.487,1.11,-0.01,0.02,0,0
23.28,6.225,2.141,1.68,0.03,-0.02,4.487,1.11,-0.01,0.02,0,0
23.32,6.225,2.141,1.71,0.03,-0.02,4.488,1.11,-0.02,0.02,0,0
23.36,6.225,2.141,1.1,0.08,0,4.488,1.11,-0.02,0.02,0,0
23.4,6.225,2.141,1.1,0.08,0,4.487,1.11,-0.03,0.02,0,0
23.44,6.225,2.141,1.1,0.07,0,4.487,1.11,-0.03,0.02,0,0
23.48,6.225,2.141,1.08,0.07,0,4.487,1.11,-0.04,0.02,0,0
23.52,6.225,2.141,1.08,0.06,0,4.488,1.1,-0.04,0.02,0,0
23.56,6.225,2.141,1.1,0.06,0,4.487,1.1,-0.04,0.02,0,0
23.6,6.225,2.141,1.08,0.05,0,4.487,1.1,-0.05,0.02,0,0
23.64,6.225,2.141,1.08,0.05,0,4.487,1.1,-0.06,0.02,0,0
23.68,6.225,2.141,1.08,0.05,0,4.488,1.1,-0.06,0.02,0,0
23.72,6.225,2.141,1.08,0.04,0,4.488,1.1,-0.07,0.02,0,0
23.76,6.225,2.141,1.08,0.04,0,4.487,1.1,-0.07,0.02,0,0
23.8,6.225,2.141,1.08,0.03,0,4.487,1.1,-0.07,0.02,0,0
23.84,6.225,2.141,1.07,0.03,0,4.487,1.1,-0.07,0.02,0,0
23.88,6.225,2.141,1.07,0.03,0,4.487,1.1,-0.08,0.02,0,0
23.92,6.225,2.141,1.07,0.02,0,4.487,1.1,-0.08,0.02,0,0
23.96,6.225,2.141,1.07,0.02,0,4.487,1.1,-0.08,0.02,0,0
24,6.225,2.141,1.07,0.02,0,4.487,1.1,-0.08,0.02,0,0
24.04,6.225,2.141,1.07,0.02,0,4.487,1.1,-0.08,0.02,0,0
24.08,6.225,2.141,1.08,0.02,0,4.487,1.1,-0.08,0.02,0,0
24.12,6.225,2.141,1.07,0.02,0,4.487,1.1,-0.08,0.02,0,0
24.16,6.225,2.141,1.07,0.02,0,4.487,1.1,-0.08,0.02,0,0
24.2,6.225,2.141,1.08,0.02,0,4.487,1.1,-0.08,0.02,0,0
24.24,6.225,2.141,1.08,0.03,0,4.487,1.1,-0.08,0.02,0,0
24.28,6.225,2.141,1.08,0.03,0,4.487,1.1,-0.08,0.02,0,0
24.32,6.225,2.141,1.08,0.03,0,4.487,1.1,-0.07,0.02,0,0
24.36,6.225,2.141,1.08,0.03,0,4.487,1.1,-0.07,0.02,0,0
24.4,6.225,2.141,1.08,0.04,0,4.487,1.1,-0.06,0.02,0,0
24.44,6.225,2.141,1.1,0.04,0,4.487,1.1,-0.06,0.02,0,0
24.48,6.225,2.141,1.08,0.05,0,4.488,1.11,-0.06,0.02,0,0
24.52,6.225,2.141,1.1,0.05,0,4.488,1.11,-0.06,0.02,0,0
24.56,6.225,2.141,1.1,0.05,0,4.487,1.11,-0.05,0.02,0,0
24.6,6.225,2.141,1.1,0.06,0,4.488,1.11,-0.05,0.02,0,0
24.64,6.225,2.141,1.1,0.06,0,4.487,1.11,-0.04,0.02,0,0
24.68,6.225,2.141,1.1,0.07,0,4.487,1.11,-0.04,0.02,0,0
24.72,6.225,2.141,1.64,0.01,-0.02,4.487,1.11,-0.04,0.02,0,0
24.76,6.225,2.141,1.64,0.02,-0.02,4.487,1.11,-0.03,0.02,0,0
24.8,6.225,2.141,1.64,0.02,-0.02,4.488,1.11,-0.03,0.02,0,0
24.84,6.225,2.141,1.64,0.02,-0.02,4.488,1.11,-0.02,0.02,0,0
24.88,6.225,2.141,1.61,0.03,-0.01,4.488,1.11,-0.02,0.02,0,0
24.92,6.225,2.141,1.61,0.03,-0.01,4.488,1.11,-0.02,0.02,0,0
24.96,6.225,2.141,1.61,0.03,-0.01,4.488,1.11,-0.02,0.02,0,0
25,6.225,2.141,1.61,0.03,-0.01,4.487,1.11,-0.02,0.02,0,0
25.04,6.225,2.141,1.61,0.04,-0.01,4.487,1.11,-0.01,0.02,0,0
25.08,6.225,2.141,1.61,0.04,-0.01,4.487,1.11,-0.01,0.02,0,0
25.12,6.225,2.141,1.61,0.04,-0.01,4.487,1.11,-0.01,0.02,0,0
25.16,6.225,2.141,1.61,0.04,-0.01,4.488,1.11,-0.01,0.02,0,0
25.2,6.225,2.141,1.61,0.04,-0.01,4.488,1.11,-0.01,0.02,0,0
25.24,6.225,2.141,1.61,0.03,-0.01,4.488,1.11,-0.02,0.02,0,0
25.28,6.225,2.141,1.61,0.03,-0.01,4.488,1.11,-0.02,0.02,0,0
25.32,6.225,2.141,1.64,0.03,-0.02,4.488,1.11,-0.02,0.02,0,0
25.36,6.225,2.141,1.68,0.02,-0.02,4.488,1.11,-0.02,0.02,0,0
25.4,6.225,2.141,1.68,0.02,-0.02,4.487,1.11,-0.02,0.02,0,0
25.44,6.225,2.141,1.68,0.02,-0.02,4.487,1.11,-0.03,0.02,0,0
25.48,6.225,2.141,1.11,0.08,0,4.487,1.11,-0.03,0.02,0,0
25.52,6.225,2.141,1.08,0.07,0,4.488,1.11,-0.03,0.02,0,0
25.56,6.225,2.141,1.08,0.06,0,4.488,1.1,-0.04,0.02,0,0
25.6,6.225,2.141,1.08,0.06,0,4.487,1.11,-0.04,0.02,0,0
25.64,6.225,2.141,1.08,0.06,0,4.487,1.11,-0.05,0.02,0,0
25.68,6.225,2.141,1.08,0.05,0,4.488,1.11,-0.05,0.02,0,0
25.72,6.225,2.141,1.08,0.05,0,4.487,1.1,-0.06,0.02,0,0
25.76,6.225,2.141,1.08,0.05,0,4.487,1.1,-0.06,0.02,0,0
25.8,6.225,2.141,1.08,0.05,0,4.487,1.1,-0.06,0.02,0,0
25.84,6.225,2.141,1.08,0.04,0,4.487,1.1,-0.06,0.02,0,0
25.88,6.225,2.141,1.08,0.04,0,4.487,1.1,-0.06,0.02,0,0
25.92,6.225,2.141,1.08,0.04,0,4.487,1.1,-0.07,0.02,0,0
25.96,6.225,2.141,1.08,0.03,0,4.487,1.1,-0.07,0.02,0,0
26,6.225,2.141,1.08,0.03,0,4.487,1.1,-0.07,0.02,0,0
26.04,6.225,2.141,1.07,0.03,0,4.488,1.1,-0.07,0.02,0,0
26.08,6.225,2.141,1.08,0.03,0,4.487,1.1,-0.07,0.02,0,0
26.12,6.225,2.141,1.07,0.03,0,4.487,1.1,-0.08,0.02,0,0
26.16,6.225,2.141,1.07,0.03,0,4.487,1.1,-0.08,0.02,0,0
26.2,6.225,2.141,1.08,0.03,0,4.487,1.1,-0.08,0.02,0,0
26.24,6.225,2.141,1.08,0.03,0,4.487,1.1,-0.07,0.02,0,0
26.28,6.225,2.141,1.08,0.03,0,4.487,1.1,-0.07,0.02,0,0
26.32,6.225,2.141,1.08,0.03,0,4.487,1.1,-0.07,0.02,0,0
26.36,6.225,2.141,1.08,0.03,0,4.488,1.1,-0.07,0.02,0,0
26.4,6.225,2.141,1.08,0.04,0,4.488,1.1,-0.07,0.02,0,0
26.44,6.225,2.141,1.08,0.04,0,4.488,1.1,-0.07,0.02,0,0
26.48,6.225,2.141,1.1,0.04,0,4.487,1.1,-0.06,0.02,0,0
26.52,6.225,2.141,1.1,0.05,0,4.487,1.11,-0.06,0.02,0,0
26.56,6.225,2.141,1.1,0.05,0,4.487,1.1,-0.05,0.02,0,0
26.6,6.225,2.141,1.08,0.05,0,4.487,1.1,-0.05,0.02,0,0
26.64,6.225,2.141,1.1,0.06,0,4.487,1.1,-0.05,0.02,0,0
26.68,6.225,2.141,1.1,0.06,0,4.488,1.11,-0.04,0.02,0,0
26.72,6.225,2.141,1.1,0.06,0,4.488,1.11,-0.04,0.02,0,0
26.76,6.225,2.141,1.1,0.06,0,4.487,1.11,-0.04,0.02,0,0
26.8,6.225,2.141,1.1,0.07,0,4.487,1.11,-0.04,0.02,0,0
26.84,6.225,2.141,1.1,0.07,0,4.487,1.11,-0.03,0.02,0,0
26.88,6.225,2.141,1.68,0.01,-0.02,4.487,1.11,-0.03,0.02,0,0
26.92,6.225,2.141,1.64,0.02,-0.02,4.487,1.11,-0.03,0.02,0,0
26.96,6.225,2.141,1.64,0.02,-0.02,4.487,1.11,-0.03,0.02,0,0
27,6.225,2.141,1.64,0.02,-0.02,4.488,1.11,-0.02,0.02,0,0
27.04,6.225,2.141,1.61,0.02,-0.01,4.488,1.11,-0.02,0.02,0,0
27.08,6.225,2.141,1.61,0.03,-0.01,4.487,1.11,-0.02,0.02,0,0
27.12,6.225,2.141,1.61,0.03,-0.01,4.487,1.11,-0.02,0.02,0,0
27.16,6.225,2.141,1.61,0.03,-0.01,4.488,1.11,-0.02,0.02,0,0
27.2,6.225,2.141,1.61,0.03,-0.01,4.488,1.11,-0.02,0.02,0,0
27.24,6.225,2.141,1.61,0.03,-0.01,4.488,1.11,-0.02,0.02,0,0
27.28,6.225,2.141,1.64,0.03,-0.02,4.488,1.11,-0.02,0.02,0,0
27.32,6.225,2.141,1.64,0.03,-0.02,4.487,1.11,-0.02,0.02,0,0
27.36,6.225,2.141,1.64,0.02,-0.02,4.487,1.11,-0.02,0.02,0,0
27.4,6.225,2.141,1.64,0.02,-0.02,4.487,1.11,-0.02,0.02,0,0
27.44,6.225,2.141,1.68,0.02,-0.02,4.487,1.11,-0.03,0.02,0,0
27.48,6.225,2.141,1.1,0.08,0,4.487,1.11,-0.03,0.02,0,0
27.52,6.225,2.141,1.1,0.07,0,4.487,1.11,-0.03,0.02,0,0
27.56,6.225,2.141,1.71,0.01,-0.02,4.487,1.11,-0.04,0.02,0,0
27.6,6.225,2.141,1.08,0.06,0,4.487,1.11,-0.04,0.02,0,0
27.64,6.225,2.141,1.08,0.06,0,4.487,1.11,-0.04,0.02,0,0
27.68,6.225,2.141,1.08,0.06,0,4.487,1.11,-0.04,0.02,0,0
27.72,6.225,2.141,1.08,0.06,0,4.487,1.11,-0.05,0.02,0,0
27.76,6.225,2.141,1.08,0.05,0,4.487,1.1,-0.05,0.02,0,0
27.8,6.225,2.141,1.08,0.05,0,4.487,1.1,-0.05,0.02,0,0
27.84,6.225,2.141,1.08,0.05,0,4.487,1.1,-0.06,0.02,0,0
27.88,6.225,2.141,1.08,0.05,0,4.487,1.1,-0.06,0.02,0,0
27.92,6.225,2.141,1.08,0.04,0,4.487,1.1,-0.06,0.02,0,0
27.96,6.225,2.141,1.08,0.04,0,4.487,1.1,-0.06,0.02,0,0
28,6.225,2.141,1.08,0.04,0,4.487,1.1,-0.06,0.02,0,0
28.04,6.225,2.141,1.08,0.04,0,4.487,1.1,-0.07,0.02,0,0
28.08,6.225,2.141,1.08,0.04,0,4.487,1.1,-0.07,0.02,0,0
28.12,6.225,2.141,1.08,0.04,0,4.487,1.1,-0.07,0.02,0,0
28.16,6.225,2.141,1.08,0.03,0,4.487,1.1,-0.07,0.02,0,0
28.2,6.225,2.141,1.07,0.03,0,4.487,1.1,-0.07,0.02,0,0
28.24,6.225,2.141,1.08,0.03,0,4.487,1.1,-0.07,0.02,0,0
28.28,6.225,2.141,1.08,0.03,0,4.487,1.1,-0.07,0.02,0,0
28.32,6.225,2.141,1.08,0.04,0,4.487,1.1,-0.07,0.02,0,0
28.36,6.225,2.141,1.08,0.04,0,4.487,1.1,-0.07,0.02,0,0
28.4,6.225,2.141,1.08,0.04,0,4.487,1.1,-0.07,0.02,0,0
28.44,6.225,2.141,1.08,0.04,0,4.487,1.1,-0.06,0.02,0,0
28.48,6.225,2.141,1.08,0.04,0,4.487,1.1,-0.06,0.02,0,0
28.52,6.225,2.141,1.08,0.04,0,4.487,1.1,-0.06,0.02,0,0
28.56,6.225,2.141,1.08,0.05,0,4.487,1.1,-0.06,0.02,0,0
28.6,6.225,2.141,1.1,0.05,0,4.487,1.1,-0.05,0.02,0,0
28.64,6.225,2.141,1.08,0.05,0,4.487,1.1,-0.05,0.02,0,0
28.68,6.225,2.141,1.1,0.05,0,4.487,1.11,-0.05,0.02,0,0
28.72,6.225,2.141,1.1,0.06,0,4.487,1.11,-0.05,0.02,0,0
28.76,6.225,2.141,1.1,0.06,0,4.487,1.11,-0.04,0.02,0,0
28.8,6.225,2.141,1.1,0.06,0,4.487,1.11,-0.04,0.02,0,0
28.84,6.225,2.141,1.1,0.07,0,4.487,1.11,-0.04,0.02,0,0
28.88,6.225,2.141,1.1,0.07,0,4.487,1.11,-0.04,0.02,0,0
28.92,6.225,2.141,1.1,0.07,0,4.487,1.11,-0.04,0.02,0,0
28.96,6.225,2.141,1.68,0.01,-0.02,4.487,1.11,-0.03,0.02,0,0
29,6.225,2.141,1.68,0.01,-0.02,4.487,1.11,-0.03,0.02,0,0
29.04,6.225,2.141,1.64,0.02,-0.02,4.487,1.11,-0.03,0.02,0,0
29.08,6.225,2.141,1.64,0.02,-0.02,4.487,1.11,-0.03,0.02,0,0
29.12,6.225,2.141,1.64,0.02,-0.02,4.487,1.11,-0.03,0.02,0,0
29.16,6.225,2.141,1.64,0.02,-0.02,4.487,1.11,-0.03,0.02,0,0
29.2,6.225,2.141,1.64,0.02,-0.02,4.487,1.11,-0.03,0.02,0,0
29.24,6.225,2.141,1.64,0.02,-0.02,4.487,1.11,-0.03,0.02,0,0
29.28,6.225,2.141,1.64,0.02,-0.02,4.487,1.11,-0.03,0.02,0,0
29.32,6.225,2.141,1.64,0.02,-0.02,4.487,1.11,-0.03,0.02,0,0
29.36,6.225,2.141,1.11,0.08,0,4.487,1.11,-0.03,0.02,0,0
29.4,6.225,2.141,1.64,0.02,-0.02,4.487,1.11,-0.03,0.02,0,0
29.44,6.225,2.141,1.64,0.02,-0.02,4.487,1.11,-0.03,0.02,0,0
29.48,6.225,2.141,1.68,0.01,-0.02,4.488,1.11,-0.03,0.02,0,0
29.52,6.225,2.141,1.11,0.07,0,4.487,1.11,-0.03,0.02,0,0
29.56,6.225,2.141,1.71,0.01,-0.02,4.487,1.11,-0.04,0.02,0,0
29.6,6.225,2.141,1.11,0.07,0,4.487,1.11,-0.04,0.02,0,0
29.64,6.225,2.141,1.1,0.07,0,4.487,1.11,-0.04,0.02,0,0
29.68,6.225,2.141,1.08,0.06,0,4.487,1.11,-0.04,0.02,0,0
29.72,6.225,2.141,1.08,0.06,0,4.487,1.11,-0.04,0.02,0,0
29.76,6.225,2.141,1.08,0.06,0,4.487,1.1,-0.05,0.02,0,0
29.8,6.225,2.141,1.08,0.06,0,4.487,1.1,-0.05,0.02,0,0
29.84,6.225,2.141,1.08,0.05,0,4.487,1.11,-0.05,0.02,0,0
29.88,6.225,2.141,1.08,0.05,0,4.487,1.1,-0.05,0.02,0,0
29.92,6.225,2.141,1.08,0.05,0,4.487,1.1,-0.05,0.02,0,0
29.96,6.225,2.141,1.08,0.05,0,4.487,1.1,-0.06,0.02,0,0
30,6.225,2.141,1.08,0.05,0,4.487,1.1,-0.06,0.02,0,0
30.04,6.225,2.141,1.08,0.04,0,4.487,1.1,-0.06,0.02,0,0
30.08,6.225,2.141,1.08,0.04,0,4.487,1.1,-0.06,0.02,0,0
30.12,6.225,2.141,1.08,0.04,0,4.487,1.1,-0.06,0.02,0,0
30.16,6.225,2.141,1.08,0.04,0,4.488,1.1,-0.06,0.02,0,0
30.2,6.225,2.141,1.08,0.04,0,4.487,1.1,-0.06,0.02,0,0
30.24,6.225,2.141,1.08,0.04,0,4.488,1.1,-0.06,0.02,0,0
30.28,6.225,2.141,1.08,0.04,0,4.487,1.1,-0.06,0.02,0,0
30.32,6.225,2.141,1.08,0.04,0,4.487,1.1,-0.06,0.02,0,0
30.36,6.225,2.141,1.08,0.04,0,4.487,1.1,-0.06,0.02,0,0
30.4,6.225,2.141,1.08,0.04,0,4.487,1.1,-0.06,0.02,0,0
30.44,6.225,2.141,1.08,0.04,0,4.488,1.1,-0.06,0.02,0,0
30.48,6.225,2.141,1.08,0.04,0,4.487,1.1,-0.06,0.02,0,0
30.52,6.225,2.141,1.08,0.05,0,4.487,1.1,-0.06,0.02,0,0
30.56,6.225,2.141,1.08,0.05,0,4.487,1.1,-0.06,0.02,0,0
30.6,6.225,2.141,1.08,0.05,0,4.487,1.1,-0.05,0.02,0,0
30.64,6.225,2.141,1.08,0.05,0,4.488,1.1,-0.05,0.02,0,0
30.68,6.225,2.141,1.1,0.05,0,4.487,1.11,-0.05,0.02,0,0
30.72,6.225,2.141,1.08,0.05,0,4.487,1.11,-0.05,0.02,0,0
30.76,6.225,2.141,1.1,0.06,0,4.487,1.11,-0.05,0.02,0,0
30.8,6.225,2.141,1.1,0.06,0,4.487,1.11,-0.05,0.02,0,0
30.84,6.225,2.141,1.1,0.06,0,4.487,1.11,-0.04,0.02,0,0
30.88,6.225,2.141,1.1,0.06,0,4.487,1.11,-0.04,0.02,0,0
30.92,6.225,2.141,1.1,0.07,0,4.487,1.11,-0.04,0.02,0,0
30.96,6.225,2.141,1.1,0.07,0,4.487,1.11,-0.04,0.02,0,0
31,6.225,2.141,1.1,0.07,0,4.487,1.11,-0.03,0.02,0,0
31.04,6.225,2.141,1.68,0.01,-0.02,4.487,1.11,-0.03,0.02,0,0
31.08,6.225,2.141,1.68,0.01,-0.02,4.487,1.11,-0.03,0.02,0,0
31.12,6.225,2.141,1.68,0.01,-0.02,4.488,1.11,-0.03,0.02,0,0
31.16,6.225,2.141,1.68,0.01,-0.02,4.488,1.11,-0.03,0.02,0,0
31.2,6.225,2.141,1.68,0.01,-0.02,4.488,1.11,-0.03,0.02,0,0
31.24,6.225,2.141,1.64,0.02,-0.02,4.487,1.11,-0.03,0.02,0,0
31.28,6.225,2.141,1.64,0.02,-0.02,4.487,1.11,-0.03,0.02,0,0
31.32,6.225,2.141,1.64,0.02,-0.02,4.487,1.11,-0.03,0.02,0,0
31.36,6.225,2.141,1.1,0.07,0,4.488,1.11,-0.03,0.02,0,0
31.4,6.225,2.141,1.68,0.01,-0.02,4.488,1.11,-0.03,0.02,0,0
31.44,6.225,2.141,1.11,0.07,0,4.488,1.11,-0.03,0.02,0,0
31.48,6.225,2.141,1.11,0.07,0,4.487,1.11,-0.03,0.02,0,0
31.52,6.225,2.141,1.68,0.01,-0.02,4.488,1.11,-0.03,0.02,0,0
31.56,6.225,2.141,1.1,0.07,0,4.488,1.11,-0.04,0.02,0,0
31.6,6.225,2.141,1.1,0.07,0,4.488,1.11,-0.04,0.02,0,0
31.64,6.225,2.141,1.08,0.06,0,4.487,1.11,-0.04,0.02,0,0
31.68,6.225,2.141,1.1,0.06,0,4.487,1.11,-0.04,0.02,0,0
31.72,6.225,2.141,1.08,0.06,0,4.487,1.11,-0.04,0.02,0,0
31.76,6.225,2.141,1.08,0.06,0,4.488,1.11,-0.04,0.02,0,0
31.8,6.225,2.141,1.08,0.06,0,4.487,1.1,-0.05,0.02,0,0
31.84,6.225,2.141,1.08,0.06,0,4.487,1.1,-0.05,0.02,0,0
31.88,6.225,2.141,1.08,0.05,0,4.487,1.1,-0.05,0.02,0,0
31.92,6.225,2.141,1.08,0.05,0,4.488,1.1,-0.05,0.02,0,0
31.96,6.225,2.141,1.08,0.05,0,4.487,1.1,-0.05,0.02,0,0
32,6.225,2.141,1.08,0.05,0,4.487,1.1,-0.05,0.02,0,0
32.04,6.225,2.141,1.08,0.05,0,4.487,1.1,-0.06,0.02,0,0
32.08,6.225,2.141,1.08,0.05,0,4.487,1.1,-0.06,0.02,0,0
32.12,6.225,2.141,1.08,0.05,0,4.488,1.1,-0.06,0.02,0,0
32.16,6.225,2.141,1.08,0.05,0,4.488,1.1,-0.06,0.02,0,0
32.2,6.225,2.141,1.08,0.04,0,4.488,1.1,-0.06,0.02,0,0
32.24,6.225,2.141,1.08,0.04,0,4.487,1.1,-0.06,0.02,0,0
32.28,6.225,2.141,1.08,0.04,0,4.487,1.1,-0.06,0.02,0,0
32.32,6.225,2.141,1.08,0.04,0,4.487,1.1,-0.06,0.02,0,0
32.36,6.225,2.141,1.08,0.04,0,4.487,1.1,-0.06,0.02,0,0
32.4,6.225,2.141,1.08,0.04,0,4.487,1.1,-0.06,0.02,0,0
32.44,6.225,2.141,1.08,0.05,0,4.487,1.1,-0.06,0.02,0,0
32.48,6.225,2.141,1.08,0.05,0,4.488,1.1,-0.06,0.02,0,0
32.52,6.225,2.141,1.08,0.05,0,4.488,1.1,-0.06,0.02,0,0
32.56,6.225,2.141,1.08,0.05,0,4.488,1.1,-0.05,0.02,0,0
32.6,6.225,2.141,1.08,0.05,0,4.487,1.11,-0.05,0.02,0,0
32.64,6.225,2.141,1.08,0.05,0,4.487,1.11,-0.05,0.02,0,0
32.68,6.225,2.141,1.08,0.05,0,4.487,1.11,-0.05,0.02,0,0
32.72,6.225,2.141,1.1,0.06,0,4.487,1.11,-0.05,0.02,0,0
32.76,6.225,2.141,1.1,0.06,0,4.487,1.11,-0.05,0.02,0,0
32.8,6.225,2.141,1.1,0.06,0,4.487,1.11,-0.05,0.02,0,0
32.84,6.225,2.141,1.1,0.06,0,4.488,1.11,-0.04,0.02,0,0
32.88,6.225,2.141,1.1,0.06,0,4.487,1.11,-0.04,0.02,0,0
32.92,6.225,2.141,1.1,0.06,0,4.487,1.11,-0.04,0.02,0,0
32.96,6.225,2.141,1.1,0.06,0,4.488,1.11,-0.04,0.02,0,0
33,6.225,2.141,1.1,0.07,0,4.488,1.11,-0.04,0.02,0,0
33.04,6.225,2.141,1.1,0.07,0,4.487,1.11,-0.04,0.02,0,0
33.08,6.225,2.141,1.1,0.07,0,4.487,1.11,-0.04,0.02,0,0
33.12,6.225,2.141,1.68,0.01,-0.02,4.487,1.11,-0.04,0.02,0,0
33.16,6.225,2.141,1.68,0.01,-0.02,4.487,1.11,-0.04,0.02,0,0
33.2,6.225,2.141,1.68,0.01,-0.02,4.488,1.11,-0.03,0.02,0,0
33.24,6.225,2.141,1.68,0.01,-0.02,4.487,1.11,-0.03,0.02,0,0
33.28,6.225,2.141,1.68,0.01,-0.02,4.487,1.11,-0.03,0.02,0,0
33.32,6.225,2.141,1.68,0.01,-0.02,4.487,1.11,-0.03,0.02,0,0
33.36,6.225,2.141,1.68,0.01,-0.02,4.488,1.11,-0.03,0.02,0,0
33.4,6.225,2.141,1.1,0.07,0,4.487,1.11,-0.04,0.02,0,0
33.44,6.225,2.141,1.1,0.07,0,4.487,1.11,-0.04,0.02,0,0
33.48,6.225,2.141,1.1,0.07,0,4.487,1.11,-0.04,0.02,0,0
33.52,6.225,2.141,1.71,0.01,-0.02,4.487,1.11,-0.04,0.02,0,0
33.56,6.225,2.141,1.1,0.07,0,4.488,1.11,-0.04,0.02,0,0
33.6,6.225,2.141,1.1,0.07,0,4.487,1.11,-0.04,0.02,0,0
33.64,6.225,2.141,1.1,0.06,0,4.487,1.11,-0.04,0.02,0,0
33.68,6.225,2.141,1.08,0.06,0,4.487,1.11,-0.04,0.02,0,0
33.72,6.225,2.141,1.08,0.06,0,4.487,1.1,-0.04,0.02,0,0
33.76,6.225,2.141,1.08,0.06,0,4.488,1.11,-0.05,0.02,0,0
33.8,6.225,2.141,1.08,0.06,0,4.488,1.1,-0.05,0.02,0,0
33.84,6.225,2.141,1.08,0.05,0,4.488,1.1,-0.05,0.02,0,0
33.88,6.225,2.141,1.08,0.05,0,4.487,1.1,-0.05,0.02,0,0
33.92,6.225,2.141,1.08,0.05,0,4.487,1.1,-0.05,0.02,0,0
33.96,6.225,2.141,1.08,0.05,0,4.487,1.1,-0.05,0.02,0,0
34,6.225,2.141,1.08,0.05,0,4.487,1.1,-0.05,0.02,0,0
34.04,6.225,2.141,1.08,0.05,0,4.487,1.1,-0.05,0.02,0,0
34.08,6.225,2.141,1.08,0.05,0,4.487,1.1,-0.05,0.02,0,0
34.12,6.225,2.141,1.08,0.05,0,4.488,1.1,-0.05,0.02,0,0
34.16,6.225,2.141,1.08,0.05,0,4.487,1.1,-0.06,0.02,0,0
34.2,6.225,2.141,1.08,0.05,0,4.488,1.1,-0.06,0.02,0,0
34.24,6.225,2.141,1.08,0.05,0,4.487,1.1,-0.06,0.02,0,0