"Time (s)","Bridge Pos (m)","Trolley 1 Pos (m)","Trolley 1 Cable Length (m)","Trolley 1 - Trolley direction deflection (m)","Trolley 1 - Bridge direction deflection (m)","Trolley 2 Pos (m)","Trolley 2 Cable Length (m)","Trolley 2 - Trolley direction deflection (m)","Trolley 2 - Bridge direction deflection (m)","Rigid Z Position (m)","Rigid Z Length (m)"
0,6.225,3.029,1.1,0.07,0,5.371,1.11,-0.06,0.02,0,0
0.04,6.224,3.029,1.1,0.07,0,5.371,1.11,-0.06,0.02,0,0
0.08,6.224,3.029,3.79,-0.12,-0.1,5.371,1.1,-0.05,0.03,0,0
0.12,6.224,3.029,1.1,0.07,0.01,5.371,1.1,-0.05,0.03,0,0
0.16,6.225,3.029,1.1,0.07,0.01,5.371,1.11,-0.06,0.03,0,0
0.2,6.225,3.029,1.1,0.07,0.01,5.371,1.1,-0.06,0.03,0,0
0.24,6.224,3.029,1.1,0.07,0.01,5.371,1.11,-0.06,0.03,0,0
0.28,6.225,3.029,1.1,0.07,0.01,5.371,1.11,-0.06,0.03,0,0
0.32,6.225,3.029,1.1,0.07,0.01,5.371,1.11,-0.06,0.03,0,0
0.36,6.225,3.029,1.1,0.07,0.01,5.371,1.11,-0.06,0.03,0,0
0.4,6.225,3.029,1.1,0.07,0.01,5.371,1.11,-0.06,0.03,0,0
0.44,6.224,3.029,1.1,0.07,0.01,5.371,1.11,-0.06,0.03,0,0
0.48,6.224,3.029,1.1,0.07,0,5.371,1.11,-0.06,0.03,0,0
0.52,6.225,3.029,3.7,-0.12,-0.1,5.371,1.11,-0.06,0.03,0,0
0.56,6.225,3.029,1.1,0.07,0,5.371,1.11,-0.06,0.02,0,0
0.6,6.224,3.029,1.1,0.07,0,5.371,1.11,-0.06,0.02,0,0
0.64,6.225,3.029,1.1,0.07,0,5.371,1.11,-0.06,0.02,0,0
0.68,6.225,3.029,1.1,0.07,0,5.371,1.11,-0.06,0.02,0,0
0.72,6.225,3.029,3.88,-0.13,-0.12,5.371,1.11,-0.06,0.02,0,0
0.76,6.225,3.029,1.1,0.07,0,5.371,1.1,-0.05,0.02,0,0
0.8,6.225,3.029,1.1,0.07,0,5.371,1.1,-0.05,0.02,0,0
0.84,6.225,3.029,1.1,0.07,0,5.371,1.11,-0.06,0.02,0,0
0.88,6.225,3.029,1.46,0,0,5.371,1.11,-0.06,0.02,0,0
0.92,6.225,3.029,1.1,0.07,0,5.371,1.11,-0.06,0.02,0,0
0.96,6.225,3.029,1.1,0.07,0,5.371,1.11,-0.06,0.02,0,0
1,6.225,3.029,1.1,0.07,0,5.371,1.11,-0.05,0.02,0,0
1.04,6.225,3.029,1.1,0.07,0,5.371,1.11,-0.05,0.02,0,0
1.08,6.225,3.029,1.1,0.07,0,5.371,1.11,-0.05,0.02,0,0
1.12,6.225,3.029,1.1,0.07,0,5.371,1.11,-0.05,0.02,0,0
1.16,6.225,3.029,1.43,0,0,5.371,1.11,-0.05,0.02,0,0
1.2,6.225,3.029,1.43,0,0,5.371,1.11,-0.05,0.02,0,0
1.24,6.225,3.029,1.1,0.07,0,5.371,1.11,-0.05,0.02,0,0
1.28,6.225,3.029,1.1,0.07,0,5.371,1.11,-0.05,0.02,0,0
1.32,6.225,3.029,1.1,0.07,0,5.371,1.11,-0.05,0.02,0,0
1.36,6.225,3.029,1.1,0.07,0,5.371,1.11,-0.05,0.02,0,0
1.4,6.225,3.029,1.43,0,0,5.371,1.11,-0.05,0.02,0,0
1.44,6.225,3.029,1.1,0.07,0,5.371,1.11,-0.05,0.02,0,0
1.48,6.225,3.029,1.1,0.07,0,5.371,1.11,-0.05,0.02,0,0
1.52,6.225,3.029,1.43,0,0,5.371,1.1,-0.05,0.02,0,0
1.56,6.225,3.029,1.1,0.07,0,5.371,1.1,-0.05,0.02,0,0
1.6,6.225,3.029,1.1,0.07,0,5.371,1.11,-0.05,0.02,0,0
1.64,6.225,3.029,1.1,0.07,0,5.371,1.11,-0.05,0.02,0,0
1.68,6.225,3.029,1.1,0.07,0,5.371,1.11,-0.06,0.02,0,0
1.72,6.225,3.029,1.1,0.07,0,5.371,1.11,-0.06,0.02,0,0
1.76,6.225,3.029,1.1,0.07,0,5.371,1.11,-0.06,0.02,0,0
1.8,6.225,3.029,3.88,-0.13,-0.14,5.371,1.11,-0.06,0.02,0,0
1.84,6.225,3.029,3.79,-0.12,-0.12,5.371,1.11,-0.06,0.02,0,0
1.88,6.225,3.029,1.1,0.07,0,5.371,1.1,-0.05,0.02,0,0
1.92,6.225,3.029,1.1,0.07,0,5.371,1.1,-0.05,0.02,0,0
1.96,6.225,3.029,1.1,0.07,0,5.371,1.1,-0.05,0.02,0,0
2,6.225,3.029,1.1,0.07,0,5.371,1.11,-0.06,0.02,0,0
2.04,6.225,3.029,1.08,0.07,0,5.371,1.11,-0.06,0.02,0,0
2.08,6.225,3.029,1.08,0.07,0,5.371,1.11,-0.06,0.02,0,0
2.12,6.225,3.029,1.08,0.06,0,5.371,1.1,-0.06,0.02,0,0
2.16,6.225,3.029,1.1,0.07,0,5.371,1.1,-0.06,0.02,0,0
2.2,6.225,3.029,1.08,0.06,0,5.371,1.11,-0.06,0.02,0,0
2.24,6.225,3.029,1.1,0.06,0,5.371,1.11,-0.06,0.02,0,0
2.28,6.225,3.029,1.1,0.06,0,5.371,1.1,-0.06,0.02,0,0
2.32,6.225,3.029,1.1,0.06,0.01,5.371,1.1,-0.06,0.02,0,0
2.36,6.225,3.029,1.1,0.06,0.01,5.371,1.11,-0.06,0.02,0,0
2.4,6.225,3.029,1.08,0.05,0.01,5.371,1.1,-0.07,0.02,0,0
2.44,6.225,3.029,1.08,0.05,0.01,5.371,1.1,-0.07,0.02,0,0
2.48,6.225,3.029,1.08,0.05,0.02,5.371,1.11,-0.08,0.02,0,0
2.52,6.225,3.029,1.08,0.04,0.02,5.371,1.11,-0.08,0.02,0,0
2.56,6.225,3.029,1.11,0.03,0.02,5.371,1.11,-0.08,0.02,0,0
2.6,6.225,3.029,1.11,0.03,0.02,5.37,1.1,-0.09,0.02,0,0
2.64,6.225,3.029,1.11,0.03,0.02,5.37,1.11,-0.1,0.02,0,0
2.68,6.225,3.029,1.08,0.01,0.03,5.37,1.11,-0.11,0.02,0,0
2.72,6.225,3.029,1.08,0,0.03,5.37,1.11,-0.11,0.02,0,0
2.76,6.225,3.029,1.08,-0.01,0.03,5.37,1.1,-0.12,0.02,0,0
2.8,6.225,3.029,1.07,-0.02,0.04,5.371,1.1,-0.13,0.02,0,0
2.84,6.225,3.029,1.08,-0.03,0.03,5.37,1.1,-0.14,0.02,0,0
2.88,6.225,3.028,1.07,-0.04,0.03,5.37,1.1,-0.15,0.02,0,0
2.92,6.225,3.028,1.07,-0.04,0.03,5.37,1.1,-0.17,0.02,0,0
2.96,6.225,3.028,1.07,-0.05,0.03,5.37,1.1,-0.18,0.02,0,0
3,6.225,3.028,1.07,-0.06,0.03,5.37,1.1,-0.18,0.02,0,0
3.04,6.225,3.028,1.07,-0.08,0.03,5.37,1.1,-0.19,0.02,0,0
3.08,6.225,3.028,1.07,-0.09,0.03,5.37,1.1,-0.2,0.02,0,0
3.12,6.225,3.028,1.08,-0.09,0.03,5.37,1.1,-0.21,0.03,0,0
3.16,6.225,3.028,1.07,-0.1,0.03,5.37,1.1,-0.22,0.03,0,0
3.2,6.225,3.028,1.08,-0.11,0.03,5.37,1.1,-0.22,0.03,0,0
3.24,6.225,3.028,1.08,-0.11,0.03,5.37,1.1,-0.23,0.03,0,0
3.28,6.224,3.028,1.08,-0.12,0.02,5.37,1.1,-0.24,0.04,0,0
3.32,6.225,3.028,1.08,-0.13,0.02,5.37,1.08,-0.24,0.04,0,0
3.36,6.224,3.028,1.08,-0.13,0.02,5.37,1.08,-0.25,0.04,0,0
3.4,6.225,3.028,1.08,-0.14,0.02,5.37,1.08,-0.25,0.04,0,0
3.44,6.225,3.028,1.1,-0.14,0.02,5.37,1.08,-0.26,0.04,0,0
3.48,6.225,3.028,1.08,-0.15,0.02,5.37,1.08,-0.26,0.04,0,0
3.52,6.224,3.028,1.08,-0.15,0.02,5.37,1.08,-0.27,0.04,0,0
3.56,6.224,3.028,1.08,-0.15,0.03,5.37,1.1,-0.27,0.04,0,0
3.6,6.224,3.028,1.1,-0.15,0.02,5.37,1.11,-0.28,0.05,0,0
3.64,6.224,3.028,1.1,-0.16,0.03,5.37,1.15,-0.29,0.04,0,0
3.68,6.224,3.028,1.1,-0.16,0.03,5.37,1.15,-0.29,0.04,0,0
3.72,6.224,3.028,1.1,-0.16,0.03,5.37,1.18,-0.3,0.04,0,0
3.76,6.225,3.028,1.1,-0.16,0.03,5.37,1.18,-0.3,0.04,0,0
3.8,6.225,3.028,1.1,-0.16,0.03,5.37,1.16,-0.3,0.04,0,0
3.84,6.224,3.028,1.1,-0.16,0.03,5.37,1.13,-0.29,0.03,0,0
3.88,6.225,3.028,1.1,-0.15,0.03,5.37,1.08,-0.27,0.03,0,0
3.92,6.224,3.028,1.1,-0.14,0.03,5.37,1.08,-0.26,0.03,0,0
3.96,6.225,3.028,1.1,-0.13,0.03,5.37,1.08,-0.26,0.03,0,0
4,6.225,3.028,1.1,-0.11,0.03,5.37,1.08,-0.24,0.02,0,0
4.04,6.225,3.028,1.08,-0.1,0.03,5.37,1.1,-0.23,0.02,0,0
4.08,6.225,3.028,1.07,-0.08,0.03,5.37,1.1,-0.21,0.02,0,0
4.12,6.225,3.028,1.08,-0.06,0.03,5.37,1.1,-0.18,0.02,0,0
4.16,6.225,3.028,1.04,-0.04,0.03,5.37,1.1,-0.18,0.02,0,0
4.2,6.225,3.028,1.08,-0.03,0.02,5.37,2.77,-0.51,-0.03,0,0
4.24,6.225,3.028,1.1,-0.01,0.02,5.37,2.77,-0.44,-0.03,0,0
4.28,6.225,3.028,1.1,-0.01,0.02,5.37,1.1,-0.1,0.02,0,0
4.32,6.225,3.029,1.1,-0.01,0.02,5.37,2.84,-0.31,-0.03,0,0
4.36,6.225,3.029,3.7,-0.05,-0.09,5.37,2.84,-0.23,-0.02,0,0
4.4,6.225,3.029,0.69,0.04,0.02,5.37,1.1,-0.01,0.02,0,0
4.44,6.224,3.029,0.69,0.04,0.02,5.37,1.1,-0.01,0.02,0,0
4.48,6.224,3.029,1.91,0.12,-0.02,5.37,2.84,-0.09,-0.02,0,0
4.52,6.224,3.029,1.87,0.14,-0.02,5.371,2.84,-0.02,-0.01,0,0
4.56,6.224,3.029,1.87,0.17,-0.03,5.371,2.77,-0.02,0.01,0,0
4.6,6.224,3.029,2.98,0.34,-0.08,5.371,2.52,0.03,0.02,0,0
4.64,6.224,3.03,2.98,0.34,-0.08,5.371,2.52,0.03,0.02,0,0
4.68,6.224,3.029,1.83,0.25,-0.04,5.371,3.2,-0.01,0.04,0,0
4.72,6.224,3.029,1.83,0.25,-0.04,5.371,3.2,-0.01,0.04,0,0
4.76,6.224,3.03,2.9,0.53,-0.12,5.371,3.2,0,0.04,0,0
4.8,6.224,3.03,1.2,0.27,-0.02,5.371,3.36,0,0.04,0,0
4.84,6.224,3.03,1.18,0.26,-0.02,5.371,1.26,0.03,0.04,0,0
4.88,6.224,3.03,1.18,0.26,-0.02,5.371,1.33,0.04,0.04,0,0
4.92,6.224,3.03,1.2,0.27,-0.02,5.371,1.33,0.04,0.04,0,0
4.96,6.224,3.03,1.22,0.27,-0.02,5.371,1.33,0.04,0.04,0,0
5,6.224,3.03,1.22,0.27,-0.02,5.371,1.43,0.04,0.03,0,0
5.04,6.224,3.03,1.18,0.26,-0.02,5.371,1.55,0.03,0.03,0,0
5.08,6.224,3.029,1.08,0.23,-0.01,5.371,1.68,0.02,0.02,0,0
5.12,6.224,3.03,1.08,0.21,-0.01,5.371,1.68,0.02,0.02,0,0
5.16,6.224,3.03,1.08,0.2,-0.01,5.371,3.2,0,-0.02,0,0
5.2,6.224,3.029,1.08,0.18,-0.01,5.371,3.2,0,-0.02,0,0
5.24,6.224,3.03,1.08,0.16,-0.01,5.371,1.58,0.03,0.01,0,0
5.28,6.225,3.029,1.08,0.14,-0.01,5.371,1.11,0.06,0.01,0,0
5.32,6.224,3.029,1.07,0.12,-0.01,5.371,1.11,0.04,0.01,0,0
5.36,6.225,3.029,1.08,0.11,-0.01,5.371,1.1,0.01,0.01,0,0
5.4,6.224,3.029,1.08,0.07,-0.01,5.371,1.1,0.01,0.01,0,0
5.44,6.225,3.029,1.08,0.05,0,5.371,1.11,-0.02,0,0,0
5.48,6.224,3.029,1.08,0.03,0,5.371,1.1,-0.05,0,0,0
5.52,6.225,3.029,1.08,0.01,0,5.371,1.1,-0.08,0,0,0
5.56,6.225,3.029,1.08,-0.01,0,5.371,1.1,-0.11,0,0,0
5.6,6.225,3.028,1.08,-0.03,0,5.371,1.1,-0.11,0,0,0
5.64,6.224,3.028,1.08,-0.05,0,5.371,1.1,-0.13,0,0,0
5.68,6.224,3.028,1.08,-0.07,0,5.37,1.08,-0.15,0,0,0
5.72,6.225,3.028,1.08,-0.08,0.01,5.37,1.08,-0.17,0,0,0
5.76,6.225,3.028,1.08,-0.11,0.01,5.37,1.08,-0.19,0.01,0,0
5.8,6.225,3.028,1.07,-0.12,0.01,5.37,1.08,-0.2,0.01,0,0
5.84,6.225,3.028,1.08,-0.13,0.01,5.37,1.08,-0.22,0.01,0,0
5.88,6.225,3.028,1.08,-0.13,0.01,5.37,1.08,-0.22,0.01,0,0
5.92,6.225,3.028,1.08,-0.14,0.02,5.37,1.08,-0.23,0.02,0,0
5.96,6.225,3.028,1.08,-0.14,0.02,5.37,1.08,-0.24,0.02,0,0
6,6.225,3.028,1.08,-0.15,0.02,5.37,1.08,-0.24,0.03,0,0
6.04,6.224,3.028,1.08,-0.14,0.02,5.37,1.08,-0.24,0.03,0,0
6.08,6.224,3.028,1.11,-0.14,0.01,5.37,1.08,-0.24,0.03,0,0
6.12,6.225,3.028,1.11,-0.13,0.01,5.37,1.08,-0.22,0.04,0,0
6.16,6.225,3.028,1.11,-0.13,0.01,5.37,1.08,-0.22,0.04,0,0
6.2,6.224,3.028,1.07,-0.1,0.01,5.37,1.1,-0.21,0.04,0,0
6.24,6.225,3.028,1.08,-0.09,0.01,5.37,1.1,-0.2,0.04,0,0
6.28,6.225,3.028,1.08,-0.08,0.01,5.37,1.1,-0.18,0.04,0,0
6.32,6.225,3.028,1.1,-0.06,0.01,5.37,1.1,-0.16,0.05,0,0
6.36,6.225,3.028,1.1,-0.03,0,5.37,1.1,-0.16,0.05,0,0
6.4,6.225,3.028,1.1,-0.01,0,5.37,1.1,-0.13,0.05,0,0
6.44,6.225,3.028,1.1,-0.01,0,5.37,1.1,-0.11,0.04,0,0
6.48,6.225,3.028,1.1,0.01,0,5.371,1.1,-0.08,0.04,0,0
6.52,6.224,3.028,1.1,0.01,0,5.371,1.1,-0.06,0.04,0,0
6.56,6.224,3.028,1.1,0.01,0,5.371,1.1,-0.06,0.04,0,0
6.6,6.224,3.029,0.84,0.04,0.02,5.371,1.11,-0.01,0.04,0,0
6.64,6.224,3.029,2.84,0.08,-0.04,5.371,1.11,-0.01,0.04,0,0
6.68,6.224,3.029,2.7,0.12,-0.03,5.371,1.11,0.02,0.04,0,0
6.72,6.224,3.029,2.7,0.16,-0.03,5.371,2.84,-0.03,0.02,0,0
6.76,6.224,3.029,2.7,0.2,-0.03,5.371,2.84,0.03,0.02,0,0
6.8,6.224,3.029,2.7,0.23,-0.02,5.371,2.64,0.01,0.05,0,0
6.84,6.224,3.029,1.11,0.21,0.02,5.371,2.64,0.01,0.05,0,0
6.88,6.224,3.03,1.35,0.17,0.02,5.371,2.46,0.05,0.05,0,0
6.92,6.224,3.03,1.11,0.23,0.02,5.371,2.77,-0.02,0.08,0,0
6.96,6.224,3.03,1.11,0.23,0.02,5.371,2.9,-0.01,0.08,0,0
7,6.224,3.029,1.16,0.25,0.02,5.371,2.98,0,0.07,0,0
7.04,6.224,3.029,1.2,0.26,0.03,5.371,2.98,0,0.07,0,0
7.08,6.224,3.03,1.2,0.27,0.03,5.371,3.05,0,0.06,0,0
7.12,6.224,3.029,1.24,0.27,0.02,5.371,3.05,0,0.06,0,0
7.16,6.224,3.03,1.22,0.27,0.02,5.371,2.98,-0.01,0.05,0,0
7.2,6.224,3.03,1.31,0.19,0.03,5.371,3.05,-0.01,0.05,0,0
7.24,6.224,3.03,1.64,0.3,0.03,5.371,3.05,-0.01,0.04,0,0
7.28,6.224,3.03,1.11,0.22,0.02,5.371,3.05,-0.03,0.04,0,0
7.32,6.224,3.029,1.08,0.2,0.02,5.371,3.05,-0.03,0.04,0,0
7.36,6.224,3.029,1.68,0.18,0,5.371,3.2,-0.01,-0.01,0,0
7.4,6.224,3.029,1.71,0.16,0,5.371,1.11,0.09,0.01,0,0
7.44,6.224,3.029,1.79,0.14,-0.01,5.371,1.11,0.07,0.01,0,0
7.48,6.224,3.029,1.07,0.12,0,5.371,1.11,0.05,0.01,0,0
7.52,6.224,3.029,1.08,0.1,0,5.371,1.11,0.05,0.01,0,0
7.56,6.224,3.029,1.08,0.09,-0.01,5.371,1.1,0,0.01,0,0
7.6,6.225,3.029,1.08,0.09,-0.01,5.371,1.1,0,0.01,0,0
7.64,6.225,3.029,1.08,0.07,-0.01,5.371,1.1,-0.03,0.01,0,0
7.68,6.224,3.029,1.08,0.03,-0.02,5.371,1.1,-0.06,0.01,0,0
7.72,6.224,3.029,1.08,0.01,-0.02,5.371,1.1,-0.09,0.01,0,0
7.76,6.224,3.029,1.08,0,-0.02,5.371,1.1,-0.11,0.01,0,0
7.8,6.224,3.029,1.08,-0.04,-0.02,5.371,1.1,-0.11,0.01,0,0
7.84,6.224,3.028,1.08,-0.05,-0.02,5.371,1.1,-0.13,0.01,0,0
7.88,6.224,3.028,1.08,-0.05,-0.02,5.371,1.08,-0.15,0.02,0,0
7.92,6.225,3.028,1.08,-0.07,-0.02,5.37,1.08,-0.16,0.02,0,0
7.96,6.224,3.028,1.07,-0.09,-0.01,5.37,1.08,-0.18,0.02,0,0
8,6.225,3.028,1.07,-0.1,-0.01,5.37,1.08,-0.18,0.02,0,0
8.04,6.225,3.028,1.07,-0.11,-0.01,5.37,1.08,-0.21,0.02,0,0
8.08,6.225,3.028,1.07,-0.12,-0.01,5.37,1.08,-0.21,0.02,0,0
8.12,6.225,3.028,1.07,-0.12,-0.01,5.37,1.08,-0.21,0.02,0,0
8.16,6.225,3.028,1.07,-0.13,-0.01,5.37,1.08,-0.22,0.02,0,0
8.2,6.225,3.028,1.08,-0.13,-0.01,5.37,1.08,-0.22,0.02,0,0
8.24,6.225,3.028,1.08,-0.13,-0.01,5.37,1.08,-0.22,0.02,0,0
8.28,6.225,3.028,1.08,-0.12,0,5.37,1.08,-0.22,0.02,0,0
8.32,6.225,3.028,1.07,-0.11,0,5.37,1.08,-0.21,0.02,0,0
8.36,6.225,3.028,1.07,-0.1,0,5.37,1.08,-0.2,0.01,0,0
8.4,6.225,3.028,1.07,-0.09,0,5.37,1.1,-0.19,0.01,0,0
8.44,6.225,3.028,1.08,-0.08,0,5.37,1.1,-0.17,0.01,0,0
8.48,6.225,3.028,1.08,-0.06,0,5.37,1.1,-0.17,0.01,0,0
8.52,6.224,3.028,1.08,-0.05,0,5.37,1.1,-0.14,0.01,0,0
8.56,6.225,3.028,1.08,-0.03,0,5.37,1.1,-0.14,0.01,0,0
8.6,6.225,3.028,1.1,0,0,5.37,1.1,-0.12,0,0,0
8.64,6.225,3.028,1.1,0.02,0,5.371,1.1,-0.1,0,0,0
8.68,6.225,3.028,1.1,0.02,0,5.371,1.11,-0.07,0,0,0
8.72,6.224,3.028,1.1,0.02,0,5.371,1.11,-0.05,0.01,0,0
8.76,6.224,3.028,0.88,0.02,0.02,5.371,1.11,-0.05,0.01,0,0
8.8,6.225,3.028,0.86,0.04,0.02,5.371,1.11,-0.02,0.01,0,0
8.84,6.224,3.028,2.9,0.08,-0.04,5.371,1.11,0,0.01,0,0
8.88,6.224,3.029,2.84,0.12,-0.03,5.371,1.11,0.02,0.02,0,0
8.92,6.224,3.029,1.4,0.11,0.01,5.371,1.11,0.04,0.02,0,0
8.96,6.224,3.029,1.43,0.13,0.01,5.371,1.11,0.04,0.02,0,0
9,6.224,3.029,1.43,0.14,0.01,5.371,2.84,0.07,0,0,0
9.04,6.224,3.029,1.43,0.14,0.01,5.371,2.84,0.07,0,0,0
9.08,6.224,3.029,1.43,0.16,0.02,5.371,2.52,0.03,0.04,0,0
9.12,6.224,3.029,1.35,0.17,0.02,5.371,3.12,-0.01,0.05,0,0
9.16,6.224,3.029,1.33,0.18,0.02,5.371,2.98,0.01,0.06,0,0
9.2,6.224,3.029,1.26,0.17,0.02,5.371,3.2,-0.02,0.1,0,0
9.24,6.224,3.029,1.24,0.18,0.02,5.371,3.2,-0.02,0.1,0,0
9.28,6.224,3.029,2.4,0.3,-0.01,5.371,3.2,-0.02,0.1,0,0
9.32,6.224,3.029,2.4,0.3,-0.01,5.371,3.2,-0.01,0.11,0,0
9.36,6.224,3.029,1.11,0.23,0.01,5.371,3.2,-0.02,0.11,0,0
9.4,6.224,3.029,1.11,0.22,0.01,5.371,3.05,-0.03,0.11,0,0
9.44,6.224,3.029,1.4,0.17,0.01,5.371,3.05,-0.03,0.11,0,0
9.48,6.225,3.029,1.49,0.17,0,5.371,3.36,-0.03,0.07,0,0
9.52,6.224,3.029,1.1,0.19,0.01,5.371,3.36,-0.03,0.07,0,0
9.56,6.224,3.029,1.71,0.14,0,5.371,1.13,0.09,0.05,0,0
9.6,6.225,3.029,1.71,0.14,0,5.371,1.11,0.07,0.05,0,0
9.64,6.225,3.029,1.75,0.12,0,5.371,1.11,0.05,0.04,0,0
9.68,6.224,3.029,1.08,0.13,0.01,5.371,1.11,0.03,0.04,0,0
9.72,6.225,3.029,1.83,0.06,0,5.371,1.11,0.03,0.04,0,0
9.76,6.225,3.029,1.08,0.08,0.01,5.371,1.1,0,0.04,0,0
9.8,6.225,3.029,1.08,0.06,0.01,5.371,1.1,-0.02,0.04,0,0
9.84,6.225,3.029,1.08,0.05,0.01,5.371,1.1,-0.04,0.03,0,0
9.88,6.225,3.029,1.08,0.03,0.01,5.371,1.1,-0.07,0.03,0,0
9.92,6.225,3.029,1.08,0.02,0.01,5.371,1.1,-0.07,0.03,0,0
9.96,6.225,3.029,1.08,0,0.01,5.37,1.1,-0.11,0.03,0,0
10,6.225,3.028,1.08,-0.02,0.01,5.37,1.1,-0.11,0.03,0,0
10.04,6.225,3.029,1.07,-0.03,0.02,5.371,1.08,-0.13,0.02,0,0
10.08,6.225,3.028,1.08,-0.06,0.02,5.37,1.08,-0.15,0.02,0,0
10.12,6.225,3.028,1.07,-0.07,0.02,5.37,1.08,-0.16,0.02,0,0
10.16,6.225,3.028,1.07,-0.08,0.02,5.37,1.08,-0.17,0.02,0,0
10.2,6.225,3.028,1.08,-0.09,0.02,5.37,1.08,-0.17,0.02,0,0
10.24,6.224,3.028,1.07,-0.1,0.02,5.37,1.1,-0.19,0.02,0,0
10.28,6.225,3.028,1.07,-0.1,0.02,5.37,1.08,-0.19,0.02,0,0
10.32,6.224,3.028,1.07,-0.11,0.02,5.37,1.08,-0.2,0.01,0,0
10.36,6.224,3.028,1.08,-0.11,0.01,5.37,1.08,-0.21,0.01,0,0
10.4,6.225,3.028,1.07,-0.1,0.01,5.37,1.08,-0.21,0.01,0,0
10.44,6.225,3.028,1.07,-0.1,0.01,5.37,1.08,-0.2,0.01,0,0
10.48,6.224,3.028,1.08,-0.1,0.01,5.37,1.08,-0.2,0.01,0,0
10.52,6.225,3.028,1.08,-0.1,0.01,5.37,1.08,-0.19,0.01,0,0
10.56,6.225,3.028,1.07,-0.08,0,5.37,1.08,-0.18,0.01,0,0
10.6,6.225,3.028,1.07,-0.07,0,5.37,1.1,-0.17,0.01,0,0
10.64,6.225,3.028,1.08,-0.06,0,5.37,1.1,-0.16,0.01,0,0
10.68,6.225,3.028,1.08,-0.03,-0.01,5.37,1.1,-0.16,0.01,0,0
10.72,6.225,3.028,1.08,-0.02,-0.01,5.37,1.11,-0.14,0.01,0,0
10.76,6.225,3.028,1.08,-0.02,-0.01,5.37,1.1,-0.12,0.01,0,0
10.8,6.225,3.028,1.1,-0.01,-0.02,5.371,1.11,-0.1,0.01,0,0
10.84,6.225,3.028,1.1,0.01,-0.02,5.371,1.11,-0.08,0.01,0,0
10.88,6.224,3.028,1.1,0.01,-0.02,5.371,1.11,-0.08,0.01,0,0
10.92,6.225,3.028,1.1,0.01,-0.02,5.371,1.11,-0.04,0.01,0,0
10.96,6.224,3.028,1.1,0.01,-0.02,5.371,1.11,-0.04,0.01,0,0
11,6.225,3.028,0.84,0.04,0,5.371,1.11,-0.02,0.01,0,0
11.04,6.224,3.029,0.84,0.05,0,5.371,1.11,0,0.02,0,0
11.08,6.224,3.029,0.84,0.06,0,5.371,1.11,0.02,0.02,0,0
11.12,6.224,3.029,0.84,0.07,0,5.371,1.11,0.04,0.02,0,0
11.16,6.224,3.029,1.49,0.12,-0.03,5.371,1.11,0.04,0.02,0,0
11.2,6.224,3.029,1.46,0.13,-0.02,5.371,2.84,0.02,-0.02,0,0
11.24,6.224,3.029,1.43,0.14,-0.02,5.371,2.77,-0.01,0,0,0
11.28,6.224,3.029,1.4,0.15,-0.02,5.371,2.52,0.02,0.01,0,0
11.32,6.224,3.029,1.38,0.16,-0.01,5.371,1.26,0.04,0.03,0,0
11.36,6.224,3.029,1.35,0.16,-0.01,5.371,1.26,0.04,0.03,0,0
11.4,6.224,3.029,1.31,0.16,-0.01,5.371,3.2,0,0.01,0,0
11.44,6.224,3.029,1.33,0.17,0,5.371,3.2,0,0.01,0,0
11.48,6.224,3.029,1.11,0.22,0,5.371,2.98,0,0.01,0,0
11.52,6.224,3.029,1.35,0.17,0,5.371,3.05,0,0.01,0,0
11.56,6.224,3.029,1.38,0.17,0.01,5.371,3.05,-0.01,0.01,0,0
11.6,6.224,3.029,1.4,0.16,0.01,5.371,3.36,-0.03,0,0,0
11.64,6.224,3.029,1.46,0.16,0,5.371,3.36,-0.03,0,0,0
11.68,6.224,3.029,1.55,0.15,0,5.371,1.43,0.03,0.03,0,0
11.72,6.224,3.029,1.61,0.15,0,5.371,1.11,0.08,0.02,0,0
11.76,6.224,3.029,1.68,0.14,0,5.371,1.11,0.07,0.02,0,0
11.8,6.224,3.029,1.71,0.12,0,5.371,1.11,0.05,0.02,0,0
11.84,6.224,3.029,1.79,0.09,0,5.371,1.11,0.05,0.02,0,0
11.88,6.224,3.029,1.83,0.07,0,5.371,1.11,0.01,0.02,0,0
11.92,6.224,3.029,1.83,0.07,0,5.371,1.11,0.01,0.02,0,0
11.96,6.224,3.029,1.08,0.07,0.02,5.371,1.1,-0.01,0.02,0,0
12,6.224,3.029,1.08,0.06,0.02,5.371,1.1,-0.03,0.02,0,0
12.04,6.224,3.029,1.08,0.04,0.02,5.371,1.1,-0.06,0.02,0,0
12.08,6.224,3.029,1.07,0.03,0.02,5.371,1.1,-0.08,0.02,0,0
12.12,6.224,3.029,1.08,0,0.02,5.371,1.1,-0.08,0.02,0,0
12.16,6.224,3.029,1.08,-0.01,0.02,5.371,1.1,-0.1,0.03,0,0
12.2,6.224,3.029,1.08,-0.01,0.02,5.371,1.08,-0.11,0.03,0,0
12.24,6.224,3.029,1.08,-0.03,0.02,5.37,1.08,-0.13,0.03,0,0
12.28,6.224,3.029,1.07,-0.04,0.02,5.37,1.08,-0.14,0.04,0,0
12.32,6.225,3.028,1.07,-0.06,0.02,5.37,1.08,-0.14,0.04,0,0
12.36,6.225,3.028,1.1,-0.07,0.02,5.37,1.08,-0.17,0.04,0,0
12.4,6.225,3.028,1.08,-0.08,0.02,5.37,1.08,-0.17,0.04,0,0
12.44,6.225,3.028,1.07,-0.08,0.02,5.37,1.08,-0.18,0.04,0,0
12.48,6.225,3.028,1.08,-0.09,0.02,5.37,1.08,-0.19,0.05,0,0
12.52,6.225,3.028,1.07,-0.09,0.02,5.37,1.08,-0.19,0.05,0,0
12.56,6.225,3.028,1.1,-0.09,0.02,5.37,1.08,-0.19,0.05,0,0
12.6,6.225,3.028,1.08,-0.09,0.01,5.37,1.08,-0.19,0.05,0,0
12.64,6.225,3.028,1.08,-0.09,0.01,5.37,1.08,-0.19,0.05,0,0
12.68,6.225,3.028,1.08,-0.08,0.01,5.37,1.08,-0.18,0.04,0,0
12.72,6.225,3.028,1.08,-0.07,0.01,5.37,1.08,-0.17,0.04,0,0
12.76,6.225,3.028,1.08,-0.07,0.01,5.37,1.1,-0.17,0.04,0,0
12.8,6.225,3.028,1.08,-0.06,0,5.37,1.1,-0.17,0.04,0,0
12.84,6.225,3.028,1.08,-0.05,0,5.37,1.1,-0.14,0.03,0,0
12.88,6.225,3.028,1.08,-0.03,0,5.37,1.1,-0.14,0.03,0,0
12.92,6.225,3.028,1.08,-0.02,0,5.37,1.1,-0.12,0.03,0,0
12.96,6.225,3.028,1.1,0.01,0,5.371,1.11,-0.1,0.02,0,0
13,6.225,3.028,1.1,0.01,0,5.371,1.11,-0.1,0.02,0,0
13.04,6.225,3.028,1.1,0.01,0,5.371,1.11,-0.07,0.02,0,0
13.08,6.225,3.028,1.1,0.01,0,5.371,1.11,-0.07,0.02,0,0
13.12,6.225,3.029,1.1,0.01,0,5.371,1.11,-0.05,0.02,0,0
13.16,6.225,3.029,1.1,0.01,0,5.371,1.11,-0.03,0.01,0,0
13.2,6.225,3.029,0.86,0.04,0.02,5.371,1.11,-0.01,0.01,0,0
13.24,6.225,3.029,1.52,0.07,-0.01,5.371,1.11,0.01,0.01,0,0
13.28,6.225,3.029,1.52,0.09,-0.01,5.371,1.11,0.01,0.01,0,0
13.32,6.225,3.029,1.49,0.1,0,5.371,2.9,-0.02,-0.05,0,0
13.36,6.225,3.029,1.49,0.1,0,5.371,2.9,-0.02,-0.05,0,0
13.4,6.225,3.029,1.43,0.12,0,5.371,2.84,0.02,-0.04,0,0
13.44,6.225,3.029,1.4,0.13,0,5.371,2.84,0.05,-0.04,0,0
13.48,6.225,3.029,1.38,0.14,0,5.371,1.35,0.02,0.02,0,0
13.52,6.225,3.029,1.35,0.14,0,5.371,2.52,0.02,-0.01,0,0
13.56,6.225,3.029,1.35,0.15,0,5.371,2.52,0.02,-0.01,0,0
13.6,6.225,3.029,1.38,0.16,0,5.371,2.58,0.03,-0.01,0,0
13.64,6.225,3.029,1.38,0.16,0,5.371,3.44,-0.04,-0.04,0,0
13.68,6.225,3.029,1.38,0.16,-0.01,5.371,3.36,-0.04,-0.03,0,0
13.72,6.225,3.029,1.38,0.16,-0.01,5.371,2.64,0.03,-0.02,0,0
13.76,6.225,3.029,1.43,0.15,-0.01,5.371,2.64,0.03,-0.02,0,0
13.8,6.225,3.029,1.46,0.15,-0.02,5.371,1.46,0.02,0.02,0,0
13.84,6.225,3.029,1.55,0.14,-0.02,5.371,1.46,0.02,0.02,0,0
13.88,6.225,3.029,1.68,0.13,-0.03,5.371,1.13,0.08,0.01,0,0
13.92,6.225,3.029,1.68,0.13,-0.03,5.371,1.11,0.06,0.01,0,0
13.96,6.225,3.029,1.71,0.12,-0.04,5.371,1.11,0.05,0.01,0,0
14,6.225,3.029,1.75,0.1,-0.04,5.371,1.11,0.03,0.01,0,0
14.04,6.225,3.029,1.79,0.07,-0.04,5.371,1.11,0.03,0.01,0,0
14.08,6.225,3.029,1.08,0.09,-0.01,5.371,1.11,0.01,0.01,0,0
14.12,6.225,3.029,1.08,0.08,-0.01,5.371,1.1,-0.01,0.02,0,0
14.16,6.225,3.029,1.08,0.07,-0.01,5.371,1.1,-0.03,0.02,0,0
14.2,6.225,3.029,1.08,0.05,-0.01,5.371,1.1,-0.05,0.02,0,0
14.24,6.225,3.029,1.08,0.04,-0.01,5.371,1.1,-0.05,0.02,0,0
14.28,6.225,3.029,1.08,0.03,-0.01,5.371,1.1,-0.08,0.02,0,0
14.32,6.225,3.029,1.08,0.01,-0.01,5.371,1.1,-0.08,0.02,0,0
14.36,6.225,3.029,1.08,-0.01,0,5.371,1.1,-0.1,0.02,0,0
14.4,6.225,3.029,1.07,-0.02,0,5.371,1.08,-0.11,0.03,0,0
14.44,6.225,3.029,1.07,-0.03,0,5.371,1.08,-0.11,0.03,0,0
14.48,6.225,3.029,1.07,-0.04,0.01,5.37,1.08,-0.14,0.03,0,0
14.52,6.225,3.029,1.07,-0.05,0.01,5.37,1.08,-0.14,0.03,0,0
14.56,6.225,3.029,1.07,-0.06,0.01,5.37,1.08,-0.15,0.03,0,0
14.6,6.225,3.029,1.08,-0.07,0.01,5.37,1.1,-0.16,0.03,0,0
14.64,6.225,3.029,1.07,-0.07,0.01,5.371,1.08,-0.17,0.03,0,0
14.68,6.225,3.029,1.07,-0.08,0.02,5.371,1.08,-0.17,0.03,0,0
14.72,6.225,3.029,1.08,-0.08,0.02,5.37,1.08,-0.17,0.03,0,0
14.76,6.225,3.029,1.08,-0.08,0.02,5.371,1.08,-0.17,0.03,0,0
14.8,6.225,3.029,1.08,-0.08,0.02,5.37,1.08,-0.17,0.03,0,0
14.84,6.225,3.029,1.07,-0.07,0.02,5.37,1.08,-0.17,0.03,0,0
14.88,6.225,3.029,1.08,-0.06,0.02,5.37,1.08,-0.16,0.03,0,0
14.92,6.225,3.028,1.07,-0.06,0.02,5.37,1.1,-0.16,0.03,0,0
14.96,6.225,3.028,1.07,-0.05,0.02,5.37,1.1,-0.14,0.03,0,0
15,6.225,3.028,1.08,-0.03,0.02,5.37,1.1,-0.14,0.03,0,0
15.04,6.225,3.028,1.08,-0.02,0.02,5.371,1.1,-0.13,0.03,0,0
15.08,6.225,3.028,1.08,-0.02,0.02,5.371,1.1,-0.12,0.03,0,0
15.12,6.225,3.028,1.08,-0.01,0.02,5.371,1.1,-0.1,0.03,0,0
15.16,6.225,3.028,1.11,0.02,0.01,5.371,1.11,-0.09,0.03,0,0
15.2,6.225,3.028,1.11,0.03,0.01,5.371,1.11,-0.09,0.03,0,0
15.24,6.225,3.028,1.11,0.03,0.01,5.37,1.11,-0.05,0.03,0,0
15.28,6.225,3.028,1.11,0.03,0.01,5.371,1.11,-0.05,0.03,0,0
15.32,6.225,3.028,1.58,0.03,0.01,5.37,1.11,-0.04,0.03,0,0
15.36,6.225,3.029,1.58,0.03,0.01,5.371,1.11,-0.02,0.03,0,0
15.4,6.225,3.029,1.1,0.1,0.01,5.371,1.11,-0.02,0.03,0,0
15.44,6.225,3.029,1.55,0.06,0.01,5.371,1.11,0.01,0.04,0,0
15.48,6.225,3.029,0.87,0.06,0.02,5.371,1.11,0.01,0.04,0,0
15.52,6.225,3.029,1.49,0.1,0.01,5.371,2.9,-0.06,0.02,0,0
15.56,6.225,3.029,1.43,0.11,0.01,5.371,2.84,-0.02,0.03,0,0
15.6,6.225,3.029,1.43,0.12,0.01,5.371,2.84,0.01,0.03,0,0
15.64,6.225,3.03,1.4,0.12,0.01,5.371,2.84,0.04,0.03,0,0
15.68,6.225,3.029,1.38,0.13,0.01,5.371,2.84,0.04,0.03,0,0
15.72,6.225,3.029,1.38,0.13,0,5.371,2.77,0,0.05,0,0
15.76,6.225,3.029,1.4,0.14,0,5.371,2.77,0,0.05,0,0
15.8,6.225,3.029,1.4,0.14,0,5.371,2.84,0.08,0.02,0,0
15.84,6.225,3.029,1.4,0.14,0,5.371,2.7,0.01,0.04,0,0
15.88,6.225,3.029,1.43,0.14,0,5.371,2.77,0,0.04,0,0
15.92,6.225,3.029,1.43,0.14,0,5.371,2.77,0,0.03,0,0
15.96,6.225,3.029,1.43,0.14,0,5.371,2.77,0,0.03,0,0
16,6.225,3.03,1.52,0.13,-0.01,5.371,2.9,0.05,-0.01,0,0
16.04,6.225,3.03,1.58,0.12,-0.01,5.371,1.13,0.07,0.03,0,0
16.08,6.225,3.029,1.61,0.12,-0.01,5.371,1.11,0.05,0.02,0,0
16.12,6.225,3.029,1.71,0.09,-0.02,5.371,1.11,0.04,0.02,0,0
16.16,6.225,3.029,1.75,0.08,-0.02,5.371,1.11,0.04,0.02,0,0
16.2,6.225,3.029,1.79,0.07,-0.02,5.371,1.11,0.01,0.01,0,0
16.24,6.225,3.029,1.79,0.07,-0.02,5.371,1.11,0.01,0.01,0,0
16.28,6.225,3.029,1.08,0.08,0,5.371,1.11,0,0.01,0,0
16.32,6.225,3.029,1.08,0.07,0,5.371,1.1,-0.02,0.01,0,0
16.36,6.225,3.029,1.08,0.06,0,5.371,1.1,-0.04,0.01,0,0
16.4,6.225,3.029,1.08,0.05,0,5.371,1.1,-0.06,0.01,0,0
16.44,6.225,3.029,1.08,0.02,0,5.371,1.1,-0.06,0.01,0,0
16.48,6.225,3.029,1.08,0.01,0,5.371,1.1,-0.07,0,0,0
16.52,6.225,3.029,1.08,0.01,0,5.371,1.1,-0.09,0.01,0,0
16.56,6.225,3.029,1.07,0,0,5.371,1.1,-0.1,0.01,0,0
16.6,6.225,3.029,1.07,-0.01,0,5.371,1.08,-0.11,0.01,0,0
16.64,6.225,3.029,1.07,-0.03,0,5.371,1.08,-0.11,0.01,0,0
16.68,6.225,3.029,1.07,-0.04,0,5.37,1.08,-0.14,0.01,0,0
16.72,6.225,3.029,1.07,-0.04,0,5.37,1.08,-0.14,0.01,0,0
16.76,6.225,3.028,1.07,-0.05,0,5.37,1.1,-0.15,0.01,0,0
16.8,6.225,3.028,1.07,-0.05,0,5.37,1.08,-0.15,0.01,0,0
16.84,6.225,3.029,1.07,-0.06,0,5.37,1.1,-0.16,0.01,0,0
16.88,6.225,3.029,1.07,-0.06,0,5.37,1.1,-0.16,0.02,0,0
16.92,6.225,3.029,1.07,-0.06,0,5.37,1.1,-0.16,0.02,0,0
16.96,6.225,3.029,1.07,-0.06,0,5.37,1.08,-0.16,0.02,0,0
17,6.225,3.028,1.08,-0.06,0,5.37,1.08,-0.16,0.02,0,0
17.04,6.225,3.029,1.08,-0.05,0,5.37,1.08,-0.15,0.02,0,0
17.08,6.225,3.029,1.07,-0.05,0,5.37,1.1,-0.15,0.02,0,0
17.12,6.225,3.029,1.07,-0.04,-0.01,5.37,1.1,-0.15,0.02,0,0
17.16,6.225,3.029,1.08,-0.03,-0.01,5.37,1.1,-0.13,0.02,0,0
17.2,6.225,3.028,1.08,-0.02,-0.01,5.37,1.1,-0.13,0.02,0,0
17.24,6.225,3.028,1.08,0,-0.01,5.371,1.1,-0.11,0.02,0,0
17.28,6.225,3.028,1.1,0.01,-0.01,5.371,1.1,-0.1,0.02,0,0
17.32,6.225,3.029,1.11,0.02,-0.01,5.371,1.11,-0.09,0.02,0,0
17.36,6.225,3.029,1.11,0.03,-0.01,5.371,1.11,-0.07,0.02,0,0
17.4,6.225,3.028,1.11,0.04,-0.01,5.371,1.11,-0.07,0.02,0,0
17.44,6.225,3.029,1.11,0.06,0,5.37,1.11,-0.06,0.02,0,0
17.48,6.225,3.029,1.11,0.06,0,5.37,1.11,-0.04,0.03,0,0
17.52,6.225,3.029,1.11,0.08,0,5.371,1.11,-0.03,0.03,0,0
17.56,6.225,3.029,1.11,0.1,0,5.371,1.11,-0.01,0.03,0,0
17.6,6.225,3.029,1.55,0.06,0,5.371,1.11,-0.01,0.03,0,0
17.64,6.225,3.029,1.52,0.07,0,5.371,2.9,-0.09,0,0,0
17.68,6.225,3.029,1.52,0.07,0,5.371,2.9,-0.09,0,0,0
17.72,6.225,3.029,1.46,0.09,0.01,5.371,2.9,-0.06,0.01,0,0
17.76,6.225,3.029,1.46,0.1,0.01,5.371,2.9,-0.03,0.01,0,0
17.8,6.225,3.029,1.43,0.11,0.02,5.371,2.9,-0.01,0.01,0,0
17.84,6.225,3.029,1.43,0.11,0.02,5.371,1.1,0.06,0.04,0,0
17.88,6.225,3.029,1.43,0.12,0.02,5.371,1.1,0.06,0.04,0,0
17.92,6.225,3.029,1.46,0.13,0.02,5.371,2.84,0.03,0.02,0,0
17.96,6.225,3.029,1.46,0.13,0.02,5.371,2.84,0.04,0.01,0,0
18,6.225,3.029,1.43,0.13,0.02,5.371,2.84,0.05,0.01,0,0
18.04,6.225,3.029,1.46,0.13,0.02,5.371,2.84,0.04,0.01,0,0
18.08,6.225,3.029,1.46,0.12,0.02,5.371,2.84,0.04,0.01,0,0
18.12,6.225,3.029,1.49,0.12,0.02,5.371,2.84,0.02,0.01,0,0
18.16,6.225,3.029,1.52,0.12,0.02,5.371,2.84,0.02,0.01,0,0
18.2,6.225,3.029,1.64,0.11,0.01,5.371,2.9,0.01,0,0,0
18.24,6.225,3.029,1.64,0.11,0.01,5.371,1.13,0.05,0.03,0,0
18.28,6.225,3.029,1.68,0.1,0.01,5.371,1.11,0.04,0.03,0,0