Time (s), X Position (pixels), Y Position (pixels)
0.0,245.579355952,135.377228292
0.0333333333333,235.976578121,135.038274779
0.0666666666667,226.729478138,134.423695346
0.1,218.329679364,133.697451357
0.133333333333,209.342912946,132.899832589
0.166666666667,201.032920653,132.169386607
0.2,193.255199550,131.413996627
0.233333333333,185.952112676,130.935211268
0.266666666667,178.913797929,130.493982648
0.3,172.463865546,130.153221289
0.333333333333,166.625523597,129.913432002
0.366666666667,161.256481740,129.456927795
0.4,156.651292026,129.007502084
0.433333333333,152.687118268,128.606052193
0.466666666667,149.437034996,128.075227335
0.5,147.078630137,127.785479452
0.533333333333,145.332426551,127.347932535
0.566666666667,144.313477089,127.153908356
0.6,144.098070740,127.034030011
0.633333333333,144.657486631,127.102139037
0.666666666667,146.126436782,127.356856455
0.7,148.256698821,127.786441586
0.733333333333,151.276220977,128.271417134
0.766666666667,155.134264232,128.962674544
0.8,159.747030238,129.630939525
0.833333333333,165.063973977,130.300081323
0.866666666667,171.101117471,131.032433906
0.9,177.878555799,131.552242888
0.933333333333,185.261839207,132.178414097
0.966666666667,193.356012219,132.886142738
1.0,201.976835054,133.333240301
1.03333333333,211.481409545,133.996115427
1.06666666667,221.006670372,134.350194553
1.1,230.267505001,134.795655902
1.13333333333,240.112398610,135.039107764
1.16666666667,250.330600293,134.931185944
1.2,260.772606775,134.649779087
1.23333333333,270.870512066,134.273984697
1.26666666667,280.758809936,133.561813980
1.3,291.841525171,132.427762884
1.33333333333,301.866505587,130.933554817
1.36666666667,311.229260935,129.317345400
1.4,320.253153153,127.831231231
1.43333333333,329.397439805,125.748857056
1.46666666667,337.768518519,123.642283951
1.5,346.257829127,121.867436911
1.53333333333,353.765553172,119.832056390
1.56666666667,361.263478526,118.144989339
1.6,367.929654336,116.494845361
1.63333333333,373.876135675,114.847668080
1.66666666667,379.199755651,113.166157605
1.7,384.238297872,111.792097264
1.73333333333,388.800061143,110.501375726
1.76666666667,392.648574894,109.582777441
1.8,395.717527620,109.098536877
1.83333333333,398.425379803,108.397080727
1.86666666667,400.488815986,107.997017596
1.9,402.066448153,107.789928486
1.93333333333,402.775692583,107.830205541
1.96666666667,402.865355973,107.818290140
2.0,402.247104247,108.104247104
2.03333333333,400.983121113,108.574474386
2.06666666667,398.899169632,109.217081851
2.1,396.157037037,110.059555556
2.13333333333,392.706180950,111.101522843
2.16666666667,388.616811247,112.215375411
2.2,383.885765550,113.763456938
2.23333333333,378.564825930,115.341836735
2.26666666667,372.494015560,116.882106523
2.3,366.001785183,118.562035109
2.33333333333,358.787272184,119.989841649
2.36666666667,350.849984998,121.663066307
2.4,342.753623188,123.227657005
2.43333333333,334.186081694,125.031467474
2.46666666667,325.230538022,126.712052901
2.5,316.195827124,128.550819672
2.53333333333,307.221153846,129.881009615
2.56666666667,297.894911171,130.966275218
2.6,288.078350515,132.211487482
2.63333333333,278.003556609,132.840248963
2.66666666667,268.760000000,133.608358209
2.7,259.736810371,133.631594815
2.73333333333,250.186915888,133.846548086
2.76666666667,241.321417933,134.151623473
2.8,232.736420303,133.872662511
2.83333333333,224.694412107,133.483701979
2.86666666667,216.566182750,133.166524338
2.9,208.236503856,132.810911168
2.93333333333,200.954259577,132.258433391
2.96666666667,193.984715539,131.933767337
3.0,187.512612108,131.459360987
3.03333333333,181.618030513,131.030513176
3.06666666667,176.193787795,130.666300165
3.1,171.433659598,130.270527461
3.13333333333,167.205818966,129.954741379
3.16666666667,163.740968691,129.655873695
3.2,160.852297009,129.494123932
3.23333333333,158.677453581,129.373209549
3.26666666667,157.250132626,129.245623342
3.3,156.612529613,129.341668860
3.33333333333,156.636747624,129.371700106
3.36666666667,157.525580169,129.611550633
3.4,159.175536140,129.855440826
3.43333333333,161.453913973,130.187015763
3.46666666667,164.631961259,130.755178908
3.5,168.368748310,131.319545823
3.53333333333,172.698087432,131.940710383
3.56666666667,177.591158704,132.515925316
3.6,183.053344389,132.956329464
3.63333333333,189.017867113,133.269681742
3.66666666667,195.474380631,133.623592342
3.7,202.491951426,133.910477266
3.73333333333,209.902411348,133.978156028
3.76666666667,217.726711560,134.158249158
3.8,225.340559042,134.304335425
3.83333333333,233.073219948,134.374171231
3.86666666667,241.400463634,134.151260504
3.9,249.689866045,133.726849156
3.93333333333,258.518648019,133.159673660
3.96666666667,266.835087719,132.678654971
4.0,275.326884204,131.942535374
4.03333333333,283.951366906,131.113669065
4.06666666667,293.475620438,130.291970803
4.1,302.095279977,129.244503078
4.13333333333,310.482991202,127.909677419
4.16666666667,318.510008703,127.102117784
4.2,326.631578947,125.515142605
4.23333333333,334.684288246,124.234790313
4.26666666667,342.565497076,122.883040936
4.3,349.904469763,121.706690038
4.33333333333,356.974716652,120.434466725
4.36666666667,363.502024291,119.285425101
4.4,369.216860465,118.000581395
4.43333333333,374.442426018,116.612364489
4.46666666667,379.210510776,115.281369944
4.5,383.226015303,113.977339612
4.53333333333,386.656499852,112.772283092
4.56666666667,389.473871734,111.749109264
4.6,391.654691211,110.954572447
4.63333333333,393.029169122,110.512080141
4.66666666667,393.883382789,110.148961424
4.7,393.898235294,110.298529412
4.73333333333,393.481470501,110.364067596
4.76666666667,392.034195659,110.869164437
4.8,390.214435460,111.422581611
4.83333333333,387.711377246,112.268263473
4.86666666667,384.444079928,113.370414554
4.9,380.510701546,114.695897741
4.93333333333,375.867143283,115.767947572
4.96666666667,370.848972297,117.080726839
5.0,365.187759952,118.339869281
5.03333333333,358.980958048,119.665278191
5.06666666667,352.150090416,121.027426160
5.1,345.002385923,122.850283328
5.13333333333,337.434190620,124.342511346
5.16666666667,329.772849865,125.980821097
5.2,321.522189349,127.744378698
5.23333333333,313.503997631,129.032573290
5.26666666667,305.179265013,130.109949208
5.3,296.879988088,131.208457415
5.33333333333,287.934315169,132.071281296
5.36666666667,278.749486653,132.784100909
5.4,270.300415184,133.287366548
5.43333333333,262.145190024,133.586401425
5.46666666667,253.833732057,133.365131579
5.5,245.555062167,133.621373594
5.53333333333,237.896825397,133.632275132
5.56666666667,230.332267442,133.253779070
5.6,223.491661875,132.724554342
5.63333333333,216.661126761,132.603943662
5.66666666667,209.400170406,132.558648111
5.7,203.057659695,132.514697569
5.73333333333,197.241126761,132.236056338
5.76666666667,191.829275119,131.858662189
5.8,187.032177531,131.721220527
5.83333333333,182.720834477,131.567664013
5.86666666667,178.899564507,131.492651062
5.9,175.740581270,131.460710441
5.93333333333,173.109625668,131.248930481
5.96666666667,171.074993328,131.134507606
6.0,169.498272655,131.098857295
6.03333333333,168.703488372,131.170718816
6.06666666667,168.624205508,131.251588983
6.1,169.232133404,131.339862361
6.13333333333,170.303287381,131.416489926
6.16666666667,172.030262809,131.676931245
6.2,174.531158064,132.034768655
6.23333333333,177.606060606,132.222847949
6.26666666667,181.209132667,132.426911646
6.3,185.426318651,132.726481784
6.33333333333,190.177924217,132.956068094
6.36666666667,195.384508990,133.090733057
6.4,200.985793872,133.250696379
6.43333333333,207.096459437,133.534151101
6.46666666667,213.962337303,133.575186929
6.5,220.670085944,133.739395620
6.53333333333,227.288832200,133.957199546
6.56666666667,234.537121645,133.934037693
6.6,241.980549199,134.035183066
6.63333333333,249.794968190,133.657605552
6.66666666667,257.894552869,133.096417128
6.7,265.779965258,132.833526346
6.73333333333,273.348370198,132.231082654
6.76666666667,281.339778220,131.701450100
6.8,289.860097673,130.975007182
6.83333333333,298.418224299,130.265478972
6.86666666667,306.137066200,129.142023914
6.9,313.754294032,128.215429403
6.93333333333,320.971511628,127.105813953
6.96666666667,328.489361702,125.558510638
7.0,335.404223676,124.196609161
7.03333333333,342.443988270,123.275659824
7.06666666667,348.757398183,121.989745092
7.1,354.651715040,120.819700967
7.13333333333,360.261614402,119.654471545
7.16666666667,365.135285505,118.575109810
7.2,369.367155425,117.455425220
7.23333333333,373.060882353,116.502647059
7.26666666667,376.358384910,115.722959033
7.3,379.018862364,114.907456528
7.33333333333,380.978994083,114.381656805
7.36666666667,382.445527015,113.944493652
7.4,383.105387106,113.692081248
7.43333333333,383.284912902,113.629465604
7.46666666667,382.749852158,113.782377292
7.5,381.583751846,114.093057607
7.53333333333,380.010404281,114.505350773
7.56666666667,377.617960877,115.292827504
7.6,374.695071259,116.184085511
7.63333333333,371.309144543,117.141002950
7.66666666667,367.262816735,118.175014732
7.7,362.674411765,119.103823529
7.73333333333,357.501777251,120.096860190
7.76666666667,351.804819994,121.454031538
7.8,345.889087125,122.584299732
7.83333333333,339.292646172,123.902350814
7.86666666667,332.774463007,125.424522673
7.9,325.797200715,126.810899345
7.93333333333,318.490526939,128.239490823
7.96666666667,311.315914489,129.290676960
8.0,303.922480620,130.292486583
8.03333333333,296.382186476,131.402144772
8.06666666667,288.192115328,132.194468961
8.1,279.926196033,132.950116686
8.13333333333,272.109665977,133.282293822
8.16666666667,264.591097923,133.627002967
8.2,257.256387403,133.408793821
8.23333333333,249.546902655,133.602654867
8.26666666667,242.291909197,133.858847497
8.3,235.389209463,133.838430467
8.33333333333,228.545454545,133.470891884
8.36666666667,222.627318718,133.094435076
8.4,216.725041829,132.720580033
8.43333333333,210.564259827,132.769445219
8.46666666667,204.922092376,132.636616583
8.5,200.083125520,132.338043779
8.53333333333,195.594026549,132.130807522
8.56666666667,191.615892219,132.107231235
8.6,188.100957592,131.973187415
8.63333333333,185.100596529,131.940347072
8.66666666667,182.650215750,131.959007551
8.7,180.821983914,131.836729223
8.73333333333,179.499465526,131.942811331
8.76666666667,178.738387613,131.906567005
8.8,178.654676259,132.035171863
8.83333333333,179.196656051,132.258227176
8.86666666667,180.240543420,132.361747469
8.9,181.749064671,132.477819348
8.93333333333,183.977162816,132.674368619
8.96666666667,186.812819822,132.942633989
9.0,190.116943160,133.134620615
9.03333333333,193.986368593,133.303707743
9.06666666667,198.188322368,133.415844298
9.1,203.017341040,133.514726122
9.13333333333,208.108227499,133.701822198
9.16666666667,214.003561644,133.809863014
9.2,219.889072392,133.764932563
9.23333333333,225.588251748,133.947412587
9.26666666667,231.816563030,133.908988129
9.3,238.418269231,133.939196833
9.33333333333,245.102835864,133.741048410
9.36666666667,252.351033295,133.309414466
9.4,259.508386350,132.887218045
9.43333333333,266.538043478,132.768592677
9.46666666667,273.522962113,132.360792193
9.5,280.527848459,131.886061634
9.53333333333,288.057240011,131.287050156
9.56666666667,295.934473761,130.577268774
9.6,303.061301569,129.758861127
9.63333333333,309.926022628,128.861908906
9.66666666667,316.573627650,127.942782457
9.7,323.089071198,126.794315851
9.73333333333,329.551468407,125.455057846
9.76666666667,335.511025030,124.359356377
9.8,341.461515690,123.367377146
9.83333333333,346.781406296,122.368343630
9.86666666667,351.514623338,121.362481536
9.9,356.204939724,120.369891208
9.93333333333,360.272647575,119.536236119
9.96666666667,363.672342924,118.822372284
10.0,366.594491650,118.065045415
10.0333333333,369.014352665,117.572056239
10.0666666667,370.768575624,117.056975037
10.1,371.974539069,116.691249634
10.1333333333,372.669700528,116.442160893
10.1666666667,372.838823529,116.477647059
10.2,372.422941176,116.517058824
10.2333333333,371.532644018,116.792023634
10.2666666667,370.070263860,117.265342425
10.3,367.946902655,117.950147493
10.3333333333,365.276777811,118.537326645
10.3666666667,362.283564473,119.174092653
10.4,358.507537688,119.976943541
10.4333333333,354.069809069,120.927505967
10.4666666667,349.374517375,121.949509950
10.5,344.449215280,123.060704768
10.5333333333,338.911350704,123.970649895
10.5666666667,333.184834123,125.349229858
10.6,327.277251185,126.414691943
10.6333333333,320.894721321,127.608670009
10.6666666667,314.553122226,128.644865345
10.7,308.106646972,129.526735598
10.7333333333,301.271870398,130.609720177
10.7666666667,294.428151631,131.273875992
10.8,286.909962242,132.039790880
10.8333333333,279.574314574,132.679365079
10.8666666667,272.465789474,133.078947368
10.9,265.711958103,133.510037824
10.9333333333,258.975182482,133.386569343
10.9666666667,252.185822637,133.454784131
11.0,245.310963263,133.805901070
11.0333333333,239.230548378,133.711742751
11.0666666667,233.194588371,133.402705815
11.1,227.540955631,133.232366325
11.1333333333,222.401565996,132.862975391
11.1666666667,217.493656922,132.811086597
11.2,212.464099037,132.711416781
11.2333333333,207.642128481,132.708574580
11.2666666667,203.524136039,132.541689523
11.3,200.004095004,132.487305487
11.3333333333,196.907955471,132.475699158
11.3666666667,194.314860092,132.361858191
11.4,191.996758509,132.270664506
11.4333333333,190.482758621,132.309806034
11.4666666667,189.281417830,132.375671321
11.5,188.669518717,132.469518717
11.5333333333,188.609893048,132.511764706
11.5666666667,189.037463206,132.607171528
11.6,189.954362416,132.648053691
11.6333333333,191.540140086,132.851831897
11.6666666667,193.627297297,133.127297297
11.7,196.084556824,133.340130506
11.7333333333,199.098664486,133.524121014
11.7666666667,202.678630137,133.667397260
11.8,206.626542364,133.888675624
11.8333333333,211.198961465,133.899699371
11.8666666667,215.995618839,134.022179628
11.9,220.801209788,134.133901567
11.9333333333,225.744004462,134.340769660
11.9666666667,231.151361977,134.105588318
12.0,236.840992388,134.145193121
12.0333333333,242.758201357,134.024321267
12.0666666667,248.768943743,133.587830080
12.1,255.330661323,133.199541941
12.1333333333,261.801152738,132.931700288
12.1666666667,268.104721030,132.834334764
12.2,274.473293345,132.397886318
12.2333333333,280.840992388,132.106568931
12.2666666667,287.558441558,131.424336533
12.3,294.602545560,130.671680648
12.3333333333,301.151025123,129.894022524
12.3666666667,307.295983702,129.110011641
12.4,313.174014599,128.367007299
12.4333333333,319.075960419,127.490977881
12.4666666667,324.885621876,126.443104969
12.5,330.333925400,125.514505625
12.5333333333,335.417954816,124.604637337
12.5666666667,340.035171386,123.701341282
12.6,344.780761287,123.086456182
12.6333333333,348.746516454,122.275718945
12.6666666667,352.162873189,121.424475318
12.7,355.415211601,120.792542172
12.7333333333,358.146859334,120.267177824
12.7666666667,360.298009368,119.806498829
12.8,361.661619103,119.454571928
12.8333333333,362.813228438,119.103729604
12.8666666667,363.263986014,118.902680653
12.9,363.292626057,118.891868260
12.9333333333,362.849303136,119.090592334
12.9666666667,361.771470160,119.387772926
13.0,360.232856726,119.780274292
13.0333333333,358.233265127,120.230342005
13.0666666667,355.649557522,120.698230088
13.1,352.553285968,121.347246892
13.1333333333,349.285333333,122.085925926
13.1666666667,345.687721370,122.952774498
13.2,341.256357185,123.588704908
13.2333333333,336.701194030,124.402985075
13.2666666667,331.787887828,125.297136038
13.3,326.623033541,126.468091422
13.3333333333,321.200117890,127.518125553
13.3666666667,315.649029982,128.490299824
13.4,309.891349277,129.398582817
13.4333333333,304.002074074,130.078222222
13.4666666667,297.901450133,130.973660846
13.5,291.631347226,131.762254183
13.5333333333,284.703735882,132.178395598
13.5666666667,278.027389277,132.657634033
13.6,271.914269108,133.068875327
13.6333333333,265.645573295,133.400000000
13.6666666667,259.717836257,133.240935673
13.7,253.582340982,133.246006390
13.7333333333,247.641371228,133.263404629
13.7666666667,241.876553917,133.426712923
13.8,236.325367118,133.391880219
13.8333333333,231.232849416,133.276686593
13.8666666667,226.345526168,133.183736635
13.9,222.134031991,132.971869829
13.9333333333,218.195562859,132.832100794
13.9666666667,214.239283776,132.778621812
14.0,210.458842706,132.778049443
14.0333333333,207.231270358,132.787730727
14.0666666667,204.479392625,132.784436009
14.1,202.359459459,132.884864865
14.1333333333,200.517380760,132.852061439
14.1666666667,199.216383724,132.867690649
14.2,198.283105023,132.954606500
14.2333333333,197.724377843,133.106502542
14.2666666667,197.759303882,133.216599732
14.3,198.413719185,133.333065380
14.3333333333,199.515330823,133.376008607
14.3666666667,200.940366972,133.565569347
14.4,203.042139384,133.710426796
14.4333333333,205.467964315,133.756150311
14.4666666667,208.193049145,133.972576704
14.5,211.658622560,134.148318872
14.5333333333,215.236398259,134.297334059
14.5666666667,219.290199290,134.214851215
14.6,223.276660237,134.233122072
14.6333333333,227.567076579,134.274175517
14.6666666667,232.142857143,134.152699663
14.7,237.140841095,134.076206605
14.7333333333,242.360296212,133.711763030
14.7666666667,247.734881055,133.476640871
14.8,253.325661680,132.948791715
14.8333333333,259.097342577,132.709416522
14.8666666667,264.652564474,132.602723848
14.9,270.448305572,132.663986215
14.9333333333,275.946781116,132.185979971
14.9666666667,281.945868946,131.947578348
15.0,288.003134796,131.419492733
15.0333333333,294.503609587,130.890846087
15.0666666667,300.092361313,130.225675283
15.1,305.687136205,129.479918510
15.1333333333,311.069801402,128.721670561
15.1666666667,316.112987769,128.128130460
15.2,321.099593496,127.408536585
15.2333333333,325.949720670,126.424875037
15.2666666667,330.438799762,125.616755793
15.3,334.569088743,124.805539011
15.3333333333,338.384821429,124.158035714
15.3666666667,341.957891637,123.572732627
15.4,345.159445918,123.026525199
15.4333333333,347.735726898,122.474690995
15.4666666667,349.826780964,121.898315105
15.5,351.460972018,121.494845361
15.5333333333,352.847903131,121.144713526
15.5666666667,353.682474227,120.934609720
15.6,354.191176471,120.818529412
15.6333333333,354.134468585,120.855255432
15.6666666667,353.431898585,120.917452830
15.7,352.462836837,121.197216464
15.7333333333,350.866509155,121.584465446
15.7666666667,349.030561269,122.034381428
15.8,346.687004987,122.607216192
15.8333333333,344.061367621,123.232612507
15.8666666667,340.870332255,123.849162011
15.9,337.287363125,124.499852027
15.9333333333,333.453791469,125.207642180
15.9666666667,329.187684148,125.991750147
16.0,324.692194836,126.902288732
16.0333333333,319.990927714,127.655838455
16.0666666667,315.192408759,128.560583942
16.1,310.261533941,129.339406406
16.1333333333,305.002352941,130.106470588
16.1666666667,299.579964851,130.886057411
16.2,294.204260286,131.422818792
16.2333333333,288.027314549,131.975848189
16.2666666667,281.990582192,132.490296804
16.3,276.084902927,132.680092727
16.3333333333,270.691820276,133.204781106
16.3666666667,265.030529954,133.345910138
16.4,259.574031232,133.181318681
16.4333333333,254.214880781,133.306808388
16.4666666667,248.748569794,133.480263158
16.5,243.732558140,133.662507090
16.5333333333,238.872004511,133.620242458
16.5666666667,234.315626757,133.487352445
16.6,230.026426764,133.325274107
16.6333333333,226.214981899,133.223057644
16.6666666667,222.872246696,133.018997797
16.7,219.801084011,132.969647696
16.7333333333,216.685230024,133.001614205
16.7666666667,214.175588865,132.889721627
16.8,211.967586392,132.878917761
16.8333333333,209.935026738,133.036898396
16.8666666667,208.379014989,133.019004283
16.9,207.326574173,133.223852721
16.9333333333,206.663726276,133.342956429
16.9666666667,206.474304069,133.493843683
17.0,206.638896330,133.534422716
17.0333333333,207.394638070,133.645844504
17.0666666667,208.359270191,133.756640730
17.1,209.870245482,133.930401942
17.1333333333,212.033162578,134.000808843
17.1666666667,214.437095032,134.179805616
17.2,217.088251218,134.237412019
17.2333333333,219.970731707,134.217615176
17.2666666667,223.109276080,134.192678227
17.3,226.482930891,134.376075493
17.3333333333,230.311173184,134.300000000
17.3666666667,234.390559146,134.139926946
17.4,238.720022624,134.069852941
