"Time (s)","Bridge Pos (m)","Trolley 1 Pos (m)","Trolley 1 Cable Length (m)","Trolley 1 - Trolley direction deflection (m)","Trolley 1 - Bridge direction deflection (m)","Trolley 2 Pos (m)","Trolley 2 Cable Length (m)","Trolley 2 - Trolley direction deflection (m)","Trolley 2 - Bridge direction deflection (m)","Rigid Z Position (m)","Rigid Z Length (m)"
0,6.225,3.064,1.08,0.01,0,5.299,1.11,0,0.02,0,0
0.04,6.225,3.064,1.08,0.01,0,5.299,1.11,0,0.02,0,0
0.08,6.225,3.064,1.08,0.01,0,5.299,1.11,0,0.02,0,0
0.12,6.225,3.064,1.08,0.01,0,5.299,1.11,0,0.02,0,0
0.16,6.225,3.064,1.08,0.01,0,5.299,1.11,0,0.02,0,0
0.2,6.225,3.064,1.08,0.01,0,5.299,1.11,0,0.02,0,0
0.24,6.225,3.064,1.08,0.01,0,5.299,1.11,0,0.02,0,0
0.28,6.225,3.064,1.08,0.01,0,5.299,1.11,0,0.02,0,0
0.32,6.225,3.064,1.08,0.01,0,5.299,1.11,0,0.02,0,0
0.36,6.225,3.064,1.08,0.01,0,5.299,1.11,0,0.02,0,0
0.4,6.225,3.064,1.08,0.01,0,5.299,1.11,0,0.02,0,0
0.44,6.225,3.064,1.08,0.01,0,5.299,1.11,0,0.02,0,0
0.48,6.225,3.064,1.08,0.01,0,5.299,1.11,0,0.02,0,0
0.52,6.225,3.064,1.08,0.01,0,5.299,1.11,0,0.02,0,0
0.56,6.225,3.064,1.08,0.01,0,5.299,1.11,0,0.02,0,0
0.6,6.225,3.064,1.08,0.01,0,5.299,1.11,0,0.02,0,0
0.64,6.225,3.064,1.08,0.01,0,5.299,1.11,0,0.02,0,0
0.68,6.225,3.064,1.08,0.01,0,5.299,1.11,0,0.02,0,0
0.72,6.225,3.064,1.08,0.01,0,5.299,1.11,0,0.02,0,0
0.76,6.225,3.064,1.08,0.01,0,5.299,1.11,0,0.02,0,0
0.8,6.225,3.064,1.08,0.01,0,5.299,1.11,0,0.02,0,0
0.84,6.225,3.064,1.08,0.01,0,5.299,1.11,0,0.02,0,0
0.88,6.225,3.064,1.08,0.01,0,5.299,1.11,0,0.02,0,0
0.92,6.225,3.064,1.08,0.01,0,5.299,1.11,0,0.02,0,0
0.96,6.225,3.064,1.08,0.01,0,5.299,1.11,0,0.02,0,0
1,6.225,3.064,1.08,0.01,0,5.299,1.11,0,0.02,0,0
1.04,6.225,3.064,1.08,0.01,0,5.299,1.11,0,0.02,0,0
1.08,6.225,3.064,1.08,0.01,0,5.299,1.11,0,0.02,0,0
1.12,6.225,3.064,1.08,0.01,0,5.299,1.11,0,0.02,0,0
1.16,6.225,3.064,1.08,0.01,0,5.299,1.11,0,0.02,0,0
1.2,6.225,3.064,1.08,0.01,0,5.299,1.11,0,0.02,0,0
1.24,6.225,3.064,1.08,0.01,0,5.299,1.11,0,0.02,0,0
1.28,6.225,3.064,1.08,0.01,0,5.299,1.11,0,0.02,0,0
1.32,6.225,3.064,1.08,0.01,0,5.299,1.11,0,0.02,0,0
1.36,6.225,3.064,1.08,0.01,0,5.299,1.11,0,0.02,0,0
1.4,6.225,3.064,1.08,0.01,0,5.299,1.11,0,0.02,0,0
1.44,6.225,3.064,1.08,0.01,0,5.299,1.11,0,0.02,0,0
1.48,6.225,3.064,1.08,0.01,0,5.299,1.11,0,0.02,0,0
1.52,6.225,3.064,1.08,0.01,0,5.299,1.11,0,0.02,0,0
1.56,6.225,3.064,1.08,0.01,0,5.299,1.11,0,0.02,0,0
1.6,6.225,3.064,1.08,0.01,0,5.299,1.11,0,0.02,0,0
1.64,6.225,3.064,1.08,0.01,0,5.299,1.11,0,0.02,0,0
1.68,6.225,3.064,1.08,0.01,0,5.299,1.11,0,0.02,0,0
1.72,6.225,3.064,1.08,0.01,0,5.299,1.11,0,0.02,0,0
1.76,6.225,3.064,1.08,0.01,0,5.299,1.11,0,0.02,0,0
1.8,6.225,3.064,1.08,0.01,0,5.299,1.11,0,0.02,0,0
1.84,6.225,3.064,1.08,0.01,0,5.299,1.11,0,0.02,0,0
1.88,6.225,3.064,1.08,0.01,0,5.299,1.11,0,0.02,0,0
1.92,6.225,3.064,1.08,0.01,0,5.299,1.11,0,0.02,0,0
1.96,6.225,3.064,1.08,0.01,0,5.299,1.11,0,0.02,0,0
2,6.225,3.064,1.08,0.01,0,5.299,1.11,0,0.02,0,0
2.04,6.225,3.064,1.08,0.01,0,5.299,1.11,0,0.02,0,0
2.08,6.225,3.064,1.08,0.01,0,5.299,1.11,0,0.02,0,0
2.12,6.225,3.064,1.08,0.01,0,5.299,1.11,0,0.02,0,0
2.16,6.225,3.064,1.08,0.01,0,5.299,1.11,0,0.02,0,0
2.2,6.225,3.064,1.08,0.01,0,5.299,1.11,0,0.02,0,0
2.24,6.225,3.064,1.08,0.01,0,5.299,1.11,0,0.02,0,0
2.28,6.225,3.064,1.08,0.01,0,5.299,1.11,0,0.02,0,0
2.32,6.225,3.064,1.08,0.01,0,5.299,1.11,0,0.02,0,0
2.36,6.225,3.064,1.08,0.01,0,5.299,1.11,0,0.02,0,0
2.4,6.225,3.064,1.08,0.01,0,5.299,1.11,0,0.02,0,0
2.44,6.225,3.064,1.08,0.01,0,5.299,1.11,0,0.02,0,0
2.48,6.225,3.064,1.08,0.01,0,5.299,1.11,0,0.02,0,0
2.52,6.225,3.064,1.08,0.01,0,5.299,1.11,0,0.02,0,0
2.56,6.225,3.064,1.08,0.01,0,5.299,1.11,0,0.02,0,0
2.6,6.225,3.064,1.08,0.01,0,5.299,1.11,0,0.02,0,0
2.64,6.225,3.064,1.08,0.01,0,5.299,1.11,0,0.02,0,0
2.68,6.225,3.064,1.08,0.01,0,5.299,1.11,0,0.02,0,0
2.72,6.225,3.064,1.08,0.01,0,5.299,1.11,0,0.02,0,0
2.76,6.225,3.064,1.08,0.01,0,5.299,1.11,0,0.02,0,0
2.8,6.225,3.064,1.08,0.01,0,5.299,1.11,0,0.02,0,0
2.84,6.225,3.064,1.08,0.01,0,5.299,1.11,0,0.02,0,0
2.88,6.225,3.064,1.08,0.01,0,5.299,1.11,0,0.02,0,0
2.92,6.225,3.064,1.08,0.01,0,5.299,1.11,0,0.02,0,0
2.96,6.225,3.064,1.08,0.01,0,5.299,1.11,0,0.02,0,0
3,6.225,3.064,1.08,0.01,0,5.299,1.11,0,0.02,0,0
3.04,6.225,3.064,1.08,0.01,0,5.298,1.11,0,0.02,0,0
3.08,6.224,3.063,1.08,0.01,0,5.298,1.11,0,0.02,0,0
3.12,6.225,3.059,1.08,0.01,0,5.297,1.11,0,0.02,0,0
3.16,6.224,3.056,1.08,0.01,0,5.29,1.11,0,0.02,0,0
3.2,6.224,3.052,1.08,0.02,0,5.286,1.11,0.01,0.02,0,0
3.24,6.225,3.046,1.11,0.02,0,5.282,1.11,0.01,0.02,0,0
3.28,6.225,3.032,1.11,0.03,0,5.276,1.11,0.01,0.02,0,0
3.32,6.224,3.025,1.1,0.03,0,5.263,1.11,0.02,0.02,0,0
3.36,6.225,3.02,1.1,0.04,0,5.255,1.11,0.03,0.02,0,0
3.4,6.224,3.01,1.11,0.05,0,5.248,1.11,0.04,0.02,0,0
3.44,6.224,2.991,1.11,0.06,0,5.239,1.11,0.04,0.02,0,0
3.48,6.224,2.979,1.11,0.07,0,5.22,2.84,0.01,-0.01,0,0
3.52,6.225,2.968,1.55,0.02,0,5.208,2.84,0.01,-0.01,0,0
3.56,6.225,2.956,1.55,0.02,0,5.197,2.84,0.04,-0.01,0,0
3.6,6.225,2.936,1.52,0.04,0,5.187,2.84,0.06,-0.01,0,0
3.64,6.225,2.925,1.49,0.04,0,5.165,2.84,0.08,-0.01,0,0
3.68,6.225,2.917,2.9,0.06,-0.06,5.155,2.7,0.03,0.02,0,0
3.72,6.225,2.905,2.9,0.08,-0.06,5.145,2.7,0.03,0.02,0,0
3.76,6.225,2.887,2.84,0.09,-0.06,5.134,2.7,0.04,0.02,0,0
3.8,6.225,2.876,1.43,0.06,-0.01,5.113,2.7,0.04,0.01,0,0
3.84,6.225,2.865,1.43,0.06,-0.01,5.102,3.28,-0.02,0.02,0,0
3.88,6.225,2.853,2.84,0.09,-0.06,5.092,2.7,0.05,0.02,0,0
3.92,6.225,2.831,2.9,0.09,-0.06,5.081,2.7,0.05,0.02,0,0
3.96,6.225,2.821,1.49,0.06,-0.01,5.06,2.77,0.04,0.01,0,0
4,6.225,2.81,1.49,0.05,0,5.05,2.77,0.04,0.01,0,0
4.04,6.225,2.801,1.55,0.05,-0.01,5.039,2.9,0.02,0.01,0,0
4.08,6.225,2.781,1.61,0.03,-0.01,5.029,1.13,0.08,0.02,0,0
4.12,6.225,2.77,1.61,0.03,-0.01,5.007,1.11,0.07,0.02,0,0
4.16,6.225,2.76,1.1,0.08,0,4.997,1.11,0.06,0.02,0,0
4.2,6.225,2.738,1.11,0.07,0,4.987,1.11,0.06,0.02,0,0
4.24,6.225,2.726,1.1,0.06,0,4.975,1.11,0.05,0.02,0,0
4.28,6.225,2.715,1.08,0.05,0,4.955,1.11,0.04,0.02,0,0
4.32,6.225,2.705,1.1,0.04,0,4.944,1.11,0.03,0.02,0,0
4.36,6.225,2.694,1.08,0.03,0,4.935,1.11,0.01,0.02,0,0
4.4,6.225,2.673,1.08,0.02,0,4.923,1.11,0.01,0.02,0,0
4.44,6.225,2.664,1.08,0.01,0,4.903,1.1,-0.01,0.02,0,0
4.48,6.225,2.652,1.08,0,0,4.891,1.1,-0.01,0.02,0,0
4.52,6.225,2.642,1.08,-0.01,0,4.881,1.1,-0.03,0.02,0,0
4.56,6.225,2.619,1.08,-0.03,0,4.871,1.1,-0.04,0.02,0,0
4.6,6.225,2.611,1.07,-0.04,0.01,4.848,1.1,-0.05,0.02,0,0
4.64,6.225,2.598,1.07,-0.04,0.01,4.838,1.1,-0.06,0.02,0,0
4.68,6.225,2.587,1.07,-0.05,0.01,4.827,1.1,-0.06,0.02,0,0
4.72,6.225,2.566,1.07,-0.06,0.01,4.816,1.1,-0.07,0.02,0,0
4.76,6.225,2.557,1.07,-0.07,0,4.796,1.1,-0.08,0.03,0,0
4.8,6.225,2.547,1.07,-0.07,0,4.785,1.1,-0.09,0.03,0,0
4.84,6.225,2.534,1.07,-0.07,0,4.775,1.1,-0.09,0.03,0,0
4.88,6.225,2.514,1.07,-0.08,0,4.764,1.1,-0.09,0.03,0,0
4.92,6.225,2.503,1.07,-0.08,0,4.743,1.1,-0.1,0.02,0,0
4.96,6.225,2.491,1.07,-0.08,0,4.732,1.1,-0.1,0.02,0,0
5,6.225,2.48,1.07,-0.08,0,4.721,1.1,-0.1,0.02,0,0
5.04,6.225,2.46,1.07,-0.07,0,4.711,1.1,-0.09,0.02,0,0
5.08,6.225,2.45,1.07,-0.07,0,4.688,1.1,-0.09,0.02,0,0
5.12,6.225,2.438,1.07,-0.07,0,4.679,1.1,-0.08,0.02,0,0
5.16,6.225,2.416,1.08,-0.05,0,4.668,1.1,-0.08,0.02,0,0
5.2,6.225,2.405,1.08,-0.05,0,4.657,1.1,-0.08,0.02,0,0
5.24,6.225,2.395,1.08,-0.04,0,4.635,1.1,-0.07,0.02,0,0
5.28,6.225,2.384,1.08,-0.04,0,4.624,1.1,-0.06,0.02,0,0
5.32,6.225,2.374,1.08,-0.03,0,4.614,1.1,-0.05,0.02,0,0
5.36,6.225,2.352,1.08,-0.02,0,4.603,1.1,-0.05,0.02,0,0
5.4,6.225,2.342,1.1,-0.01,0,4.582,1.11,-0.03,0.03,0,0
5.44,6.225,2.33,1.1,0,0,4.57,1.11,-0.03,0.03,0,0
5.48,6.225,2.32,1.1,0.01,0,4.56,1.11,-0.01,0.02,0,0
5.52,6.225,2.3,1.1,0.03,0,4.55,1.11,0,0.02,0,0
5.56,6.225,2.289,1.1,0.03,0,4.527,1.11,0.01,0.02,0,0
5.6,6.225,2.278,1.11,0.04,0,4.518,1.11,0.02,0.02,0,0
5.64,6.225,2.268,1.11,0.05,0,4.507,1.11,0.02,0.02,0,0
5.68,6.225,2.247,1.1,0.06,0,4.496,1.13,0.04,0.02,0,0
5.72,6.225,2.236,1.11,0.07,0,4.475,1.11,0.05,0.02,0,0
5.76,6.225,2.227,1.11,0.08,0,4.463,2.9,0.01,-0.02,0,0
5.8,6.224,2.215,1.11,0.08,0,4.453,2.84,0.03,-0.01,0,0
5.84,6.225,2.194,1.52,0.03,-0.01,4.443,2.84,0.03,-0.01,0,0
5.88,6.225,2.185,1.52,0.03,-0.01,4.422,2.84,0.07,-0.01,0,0
5.92,6.225,2.174,2.98,0.03,-0.06,4.411,2.84,0.07,-0.01,0,0
5.96,6.225,2.164,2.9,0.04,-0.06,4.401,2.84,0.08,-0.01,0,0
6,6.225,2.143,2.84,0.05,-0.06,4.39,2.84,0.01,0.01,0,0
6.04,6.225,2.133,2.9,0.05,-0.06,4.369,2.84,0.01,0.01,0,0
6.08,6.225,2.12,2.9,0.05,-0.07,4.359,2.77,0.01,0.01,0,0
6.12,6.225,2.112,2.9,0.05,-0.07,4.347,2.77,0.01,0.01,0,0
6.16,6.225,2.089,1.52,0.03,-0.01,4.337,2.84,0.08,-0.02,0,0
6.2,6.225,2.078,1.52,0.03,-0.01,4.317,2.84,0.07,-0.02,0,0
6.24,6.225,2.071,1.55,0.03,-0.01,4.307,1.13,0.08,0.02,0,0
6.28,6.225,2.06,1.58,0.02,-0.01,4.298,1.13,0.08,0.02,0,0
6.32,6.225,2.045,1.1,0.07,0,4.289,1.13,0.07,0.02,0,0
6.36,6.225,2.038,1.1,0.06,0,4.278,1.11,0.05,0.02,0,0
6.4,6.225,2.034,1.1,0.05,0,4.274,1.11,0.04,0.02,0,0
6.44,6.225,2.032,1.1,0.04,0,4.273,1.11,0.03,0.02,0,0
6.48,6.225,2.035,1.08,0.02,0,4.273,1.11,0.03,0.02,0,0
6.52,6.225,2.037,1.08,0,0,4.275,1.1,-0.02,0.02,0,0
6.56,6.225,2.039,1.08,-0.01,0,4.277,1.1,-0.02,0.02,0,0
6.6,6.225,2.039,1.08,-0.04,0,4.278,1.1,-0.05,0.02,0,0
6.64,6.225,2.042,1.07,-0.07,0,4.279,1.1,-0.08,0.02,0,0
6.68,6.225,2.039,1.07,-0.09,0,4.28,1.1,-0.1,0.02,0,0
6.72,6.225,2.036,1.07,-0.09,0,4.28,1.1,-0.13,0.02,0,0
6.76,6.225,2.036,1.07,-0.11,0,4.28,1.1,-0.13,0.02,0,0
6.8,6.225,2.04,1.07,-0.13,0,4.279,1.1,-0.14,0.02,0,0
6.84,6.225,2.04,1.07,-0.14,0,4.277,1.1,-0.15,0.02,0,0
6.88,6.225,2.041,1.07,-0.15,0,4.277,1.1,-0.16,0.02,0,0
6.92,6.225,2.041,1.07,-0.15,0,4.277,1.1,-0.17,0.02,0,0
6.96,6.225,2.04,1.07,-0.16,0,4.276,1.1,-0.17,0.02,0,0
7,6.225,2.038,1.07,-0.16,0,4.275,1.1,-0.18,0.02,0,0
7.04,6.225,2.037,1.07,-0.16,0,4.275,1.1,-0.18,0.02,0,0
7.08,6.225,2.036,1.07,-0.16,0,4.275,1.1,-0.18,0.02,0,0
7.12,6.225,2.034,1.07,-0.16,0,4.275,1.1,-0.17,0.02,0,0
7.16,6.225,2.035,1.07,-0.15,0,4.276,1.1,-0.17,0.02,0,0
7.2,6.225,2.036,1.07,-0.15,0,4.277,1.08,-0.16,0.02,0,0
7.24,6.225,2.038,1.08,-0.14,0,4.277,1.08,-0.16,0.02,0,0
7.28,6.225,2.042,1.08,-0.13,0,4.278,1.1,-0.15,0.02,0,0
7.32,6.225,2.042,1.08,-0.12,0,4.278,1.1,-0.13,0.02,0,0
7.36,6.225,2.042,1.08,-0.1,0,4.278,1.1,-0.11,0.02,0,0
7.4,6.225,2.042,1.1,-0.09,0,4.277,1.1,-0.09,0.02,0,0
7.44,6.225,2.038,0.98,-0.02,0.01,4.277,1.1,-0.09,0.02,0,0
7.48,6.225,2.035,1.01,-0.01,0.02,4.276,1.11,-0.05,0.02,0,0
7.52,6.225,2.035,1.05,0.01,0.01,4.275,1.11,-0.05,0.02,0,0
7.56,6.225,2.035,1.05,0.01,0.01,4.275,1.11,-0.03,0.02,0,0
7.6,6.225,2.037,1.05,0.01,0.01,4.276,1.11,-0.01,0.02,0,0
7.64,6.225,2.039,1.05,0.01,0.01,4.277,1.11,0.02,0.02,0,0
7.68,6.225,2.041,1.05,0.01,0.01,4.278,1.11,0.04,0.02,0,0
7.72,6.225,2.042,1.05,0.01,0.01,4.279,1.11,0.04,0.02,0,0
7.76,6.225,2.042,2.77,0.04,-0.06,4.279,2.84,0.03,-0.02,0,0
7.8,6.225,2.04,2.7,0.07,-0.05,4.279,2.77,0.02,0.01,0,0
7.84,6.225,2.039,2.64,0.1,-0.05,4.278,2.52,0.05,0.01,0,0
7.88,6.225,2.039,2.64,0.13,-0.05,4.278,2.98,-0.01,0.04,0,0
7.92,6.225,2.036,2.64,0.15,-0.05,4.278,2.98,-0.01,0.04,0,0
7.96,6.225,2.036,2.7,0.18,-0.06,4.278,2.98,0.02,0.04,0,0
8,6.224,2.037,1.4,0.12,-0.01,4.279,2.98,0.02,0.04,0,0
8.04,6.224,2.04,1.43,0.13,-0.01,4.279,2.98,0.02,0.04,0,0
8.08,6.224,2.041,2.64,0.23,-0.06,4.28,2.98,0.02,0.04,0,0
8.12,6.224,2.041,2.58,0.22,-0.05,4.28,2.98,0.03,0.04,0,0
8.16,6.224,2.042,2.58,0.23,-0.05,4.28,2.98,0.03,0.04,0,0
8.2,6.224,2.04,2.58,0.22,-0.05,4.279,2.98,0.03,0.04,0,0
8.24,6.224,2.037,1.38,0.14,-0.01,4.279,2.98,0.03,0.04,0,0
8.28,6.224,2.038,1.4,0.13,-0.01,4.278,2.98,0.03,0.04,0,0
8.32,6.224,2.037,1.46,0.13,-0.01,4.278,2.98,0.02,0.04,0,0
8.36,6.224,2.038,1.49,0.12,-0.01,4.278,2.98,0.01,0.04,0,0
8.4,6.224,2.039,1.58,0.1,-0.01,4.279,2.98,0.01,0.04,0,0
8.44,6.224,2.04,1.61,0.08,-0.01,4.28,3.28,0.03,0,0,0
8.48,6.224,2.041,1.68,0.07,-0.02,4.28,3.28,0.03,0,0,0
8.52,6.224,2.041,1.68,0.07,-0.02,4.28,1.11,0.1,0.02,0,0
8.56,6.224,2.041,1.08,0.08,0,4.28,1.11,0.08,0.02,0,0
8.6,6.224,2.038,1.08,0.07,0,4.279,1.1,0.06,0.02,0,0
8.64,6.224,2.039,1.08,0.05,0,4.278,1.1,0.04,0.02,0,0
8.68,6.224,2.038,1.1,0.03,0,4.278,1.1,0.04,0.02,0,0
8.72,6.224,2.037,1.08,0,0,4.278,1.1,0.01,0.02,0,0
8.76,6.224,2.039,1.08,-0.02,0,4.278,1.1,-0.01,0.02,0,0
8.8,6.224,2.039,1.08,-0.02,0,4.279,1.1,-0.03,0.02,0,0
8.84,6.224,2.04,1.07,-0.05,0,4.279,1.1,-0.06,0.02,0,0
8.88,6.224,2.04,1.07,-0.06,0,4.279,1.1,-0.06,0.02,0,0
8.92,6.224,2.04,1.07,-0.08,0,4.279,1.1,-0.1,0.02,0,0
8.96,6.224,2.041,1.07,-0.09,0,4.279,1.1,-0.1,0.02,0,0
9,6.224,2.039,1.07,-0.11,0,4.278,1.1,-0.12,0.02,0,0
9.04,6.224,2.037,1.07,-0.12,0,4.278,1.1,-0.13,0.02,0,0
9.08,6.224,2.037,1.07,-0.12,0,4.278,1.1,-0.14,0.02,0,0
9.12,6.224,2.037,1.07,-0.13,0,4.278,1.1,-0.15,0.02,0,0
9.16,6.224,2.038,1.07,-0.14,0,4.278,1.1,-0.15,0.02,0,0
9.2,6.224,2.038,1.07,-0.14,0,4.278,1.1,-0.16,0.02,0,0
9.24,6.224,2.039,1.07,-0.15,0,4.279,1.1,-0.16,0.02,0,0
9.28,6.224,2.04,1.07,-0.15,0,4.279,1.1,-0.16,0.02,0,0
9.32,6.224,2.039,1.07,-0.15,0,4.278,1.1,-0.16,0.02,0,0
9.36,6.224,2.038,1.07,-0.14,0,4.278,1.1,-0.16,0.02,0,0
9.4,6.224,2.038,1.07,-0.14,0,4.278,1.1,-0.15,0.02,0,0
9.44,6.224,2.037,1.08,-0.13,0,4.277,1.1,-0.15,0.02,0,0
9.48,6.224,2.037,1.08,-0.12,0,4.277,1.1,-0.14,0.02,0,0
9.52,6.224,2.038,1.08,-0.1,0,4.278,1.1,-0.13,0.02,0,0
9.56,6.224,2.039,1.08,-0.09,0,4.278,1.1,-0.11,0.02,0,0
9.6,6.224,2.039,1.1,-0.08,0,4.278,1.1,-0.1,0.02,0,0
9.64,6.224,2.039,1.1,-0.08,0,4.278,1.1,-0.1,0.02,0,0
9.68,6.224,2.04,1.1,-0.05,0,4.279,1.11,-0.08,0.02,0,0
9.72,6.224,2.039,1.11,-0.04,0,4.278,1.1,-0.06,0.02,0,0
9.76,6.224,2.039,1.1,-0.02,0,4.278,1.11,-0.04,0.02,0,0
9.8,6.224,2.039,1.1,-0.02,0,4.278,1.11,-0.02,0.02,0,0
9.84,6.224,2.038,1.1,-0.02,0,4.278,1.11,-0.02,0.02,0,0
9.88,6.224,2.038,1.1,-0.02,0,4.278,1.11,0.02,0.02,0,0
9.92,6.224,2.039,1.1,-0.02,0,4.278,1.11,0.02,0.02,0,0
9.96,6.224,2.039,1.1,-0.02,0,4.278,1.11,0.04,0.02,0,0
10,6.224,2.04,2.84,0.01,-0.06,4.279,2.84,0.03,-0.01,0,0
10.04,6.224,2.04,2.77,0.05,-0.06,4.279,2.77,0.01,0.01,0,0
10.08,6.224,2.04,2.7,0.07,-0.06,4.279,2.64,0.05,0.02,0,0
10.12,6.224,2.039,2.7,0.1,-0.06,4.279,2.64,0.05,0.02,0,0
10.16,6.224,2.039,2.77,0.15,-0.06,4.279,3.28,0.02,0.01,0,0
10.2,6.224,2.039,2.77,0.15,-0.06,4.278,2.98,-0.01,0.05,0,0
10.24,6.224,2.038,1.43,0.1,-0.01,4.278,3.05,0.01,0.05,0,0
10.28,6.224,2.039,1.4,0.11,-0.01,4.278,2.98,0.01,0.05,0,0
10.32,6.224,2.039,2.7,0.19,-0.06,4.279,2.98,0.01,0.05,0,0
10.36,6.224,2.04,2.64,0.19,-0.06,4.279,2.98,0.01,0.05,0,0
10.4,6.224,2.04,2.64,0.19,-0.06,4.279,2.98,0.02,0.05,0,0
10.44,6.224,2.04,2.64,0.19,-0.06,4.279,2.98,0.02,0.04,0,0
10.48,6.224,2.04,2.7,0.19,-0.06,4.279,2.9,0.02,0.05,0,0
10.52,6.224,2.039,1.4,0.11,-0.01,4.279,2.98,0.01,0.04,0,0
10.56,6.224,2.039,1.46,0.11,-0.01,4.279,2.98,0,0.04,0,0
10.6,6.224,2.039,1.49,0.1,-0.01,4.278,2.98,0,0.04,0,0
10.64,6.224,2.039,1.58,0.08,-0.01,4.278,2.64,0.03,0.02,0,0
10.68,6.224,2.039,1.64,0.07,-0.02,4.279,3.12,0.01,0.01,0,0
10.72,6.224,2.039,1.64,0.05,-0.02,4.279,1.11,0.1,0.02,0,0
10.76,6.224,2.04,1.1,0.09,0,4.279,1.1,0.08,0.02,0,0
10.8,6.224,2.04,1.1,0.08,0,4.279,1.1,0.08,0.02,0,0
10.84,6.225,2.04,1.08,0.06,0,4.279,1.1,0.04,0.02,0,0
10.88,6.225,2.039,1.1,0.05,0,4.279,1.1,0.04,0.02,0,0
10.92,6.225,2.039,1.08,0.03,0,4.279,1.1,0.02,0.02,0,0
10.96,6.225,2.038,1.08,0,0,4.278,1.1,0,0.02,0,0
11,6.225,2.038,1.08,-0.01,0,4.278,1.1,-0.02,0.02,0,0
11.04,6.225,2.039,1.08,-0.03,0,4.278,1.1,-0.04,0.02,0,0
11.08,6.225,2.039,1.08,-0.03,0,4.278,1.1,-0.04,0.02,0,0
11.12,6.225,2.039,1.07,-0.05,0,4.279,1.1,-0.06,0.02,0,0
11.16,6.225,2.04,1.07,-0.07,0,4.279,1.1,-0.08,0.02,0,0
11.2,6.225,2.039,1.07,-0.08,0,4.278,1.1,-0.1,0.02,0,0
11.24,6.225,2.039,1.07,-0.09,0,4.278,1.1,-0.11,0.02,0,0
11.28,6.225,2.038,1.07,-0.11,0,4.278,1.1,-0.11,0.02,0,0
11.32,6.225,2.039,1.07,-0.12,0,4.278,1.1,-0.13,0.02,0,0
11.36,6.225,2.038,1.07,-0.12,0,4.278,1.1,-0.13,0.02,0,0
11.4,6.225,2.038,1.07,-0.12,0,4.278,1.1,-0.14,0.02,0,0
11.44,6.225,2.038,1.07,-0.13,0,4.278,1.1,-0.14,0.02,0,0
11.48,6.225,2.039,1.07,-0.13,0,4.278,1.1,-0.15,0.02,0,0
11.52,6.225,2.039,1.07,-0.13,0,4.278,1.1,-0.15,0.02,0,0
11.56,6.225,2.039,1.07,-0.13,0,4.278,1.1,-0.15,0.02,0,0
11.6,6.225,2.039,1.07,-0.13,0,4.278,1.1,-0.14,0.02,0,0
11.64,6.225,2.038,1.07,-0.12,0,4.278,1.1,-0.14,0.02,0,0
11.68,6.225,2.038,1.08,-0.12,0,4.278,1.1,-0.13,0.02,0,0
11.72,6.225,2.039,1.08,-0.11,0,4.278,1.1,-0.12,0.02,0,0
11.76,6.225,2.038,1.08,-0.09,0,4.278,1.1,-0.12,0.02,0,0
11.8,6.225,2.038,1.08,-0.08,0,4.278,1.1,-0.09,0.02,0,0
11.84,6.225,2.038,1.08,-0.07,0,4.278,1.1,-0.09,0.02,0,0
11.88,6.225,2.039,1.1,-0.06,0,4.278,1.1,-0.08,0.02,0,0
11.92,6.225,2.039,1.1,-0.05,0,4.278,1.11,-0.06,0.02,0,0
11.96,6.224,2.039,1.1,-0.03,0,4.278,1.11,-0.05,0.02,0,0
12,6.224,2.039,1.05,0.02,0.01,4.278,1.11,-0.03,0.02,0,0
12.04,6.224,2.039,1.11,-0.01,0,4.278,1.11,-0.03,0.02,0,0
12.08,6.224,2.038,1.11,-0.01,0,4.278,1.11,-0.01,0.02,0,0
12.12,6.224,2.039,1.11,-0.01,0,4.278,1.11,0.01,0.02,0,0
12.16,6.224,2.039,1.11,-0.01,0,4.278,1.11,0.03,0.02,0,0
12.2,6.224,2.039,1.1,0.07,0,4.278,2.84,0,-0.01,0,0
12.24,6.224,2.039,2.9,0.07,-0.08,4.278,2.84,0,-0.01,0,0
12.28,6.224,2.039,2.77,0.03,-0.06,4.279,2.84,0.04,-0.02,0,0
12.32,6.224,2.04,2.77,0.05,-0.06,4.279,2.7,0.01,0.01,0,0
12.36,6.224,2.039,2.77,0.07,-0.06,4.279,2.64,0.04,0.02,0,0
12.4,6.224,2.039,1.43,0.08,-0.01,4.279,3.28,0,0.01,0,0
12.44,6.224,2.039,1.46,0.09,-0.01,4.279,3.28,0,0.01,0,0
12.48,6.224,2.039,1.43,0.09,-0.01,4.279,3.05,0,0.05,0,0
12.52,6.224,2.039,1.43,0.09,-0.01,4.279,3.05,0,0.05,0,0
12.56,6.224,2.039,2.7,0.16,-0.06,4.279,2.98,0,0.04,0,0
12.6,6.224,2.039,2.64,0.16,-0.05,4.279,3.05,0.01,0.04,0,0
12.64,6.224,2.04,2.64,0.16,-0.05,4.279,2.98,0.01,0.04,0,0
12.68,6.224,2.039,2.7,0.16,-0.06,4.279,2.98,0.01,0.04,0,0
12.72,6.224,2.04,2.77,0.15,-0.06,4.279,2.98,0.01,0.04,0,0
12.76,6.224,2.04,1.46,0.09,-0.01,4.279,2.98,-0.01,0.05,0,0
12.8,6.224,2.039,1.46,0.09,-0.01,4.279,2.98,-0.01,0.05,0,0
12.84,6.224,2.039,1.52,0.09,-0.01,4.279,3.12,0.02,0.01,0,0
12.88,6.224,2.039,1.61,0.07,-0.01,4.278,3.36,0,0.01,0,0
12.92,6.224,2.039,1.64,0.05,-0.02,4.279,1.11,0.09,0.02,0,0
12.96,6.224,2.039,1.64,0.04,-0.02,4.279,1.11,0.08,0.02,0,0
13,6.224,2.039,1.68,0.02,-0.01,4.279,1.11,0.08,0.02,0,0
13.04,6.224,2.04,1.1,0.06,0,4.279,1.11,0.06,0.02,0,0
13.08,6.224,2.04,1.1,0.06,0,4.279,1.11,0.05,0.02,0,0
13.12,6.224,2.039,1.08,0.04,0,4.279,1.1,0.03,0.02,0,0
13.16,6.224,2.039,1.08,0.03,0,4.279,1.1,0.01,0.02,0,0
13.2,6.224,2.039,1.08,0,0,4.278,1.1,0.01,0.02,0,0
13.24,6.224,2.038,1.08,-0.01,0,4.278,1.1,-0.03,0.02,0,0
13.28,6.224,2.039,1.08,-0.02,0,4.278,1.1,-0.03,0.02,0,0
13.32,6.224,2.039,1.08,-0.04,0,4.278,1.1,-0.04,0.02,0,0
13.36,6.224,2.039,1.07,-0.05,0,4.278,1.1,-0.06,0.02,0,0
13.4,6.224,2.039,1.07,-0.06,0,4.279,1.1,-0.08,0.02,0,0
13.44,6.224,2.039,1.07,-0.07,0,4.279,1.1,-0.09,0.02,0,0
13.48,6.224,2.039,1.07,-0.09,0,4.278,1.1,-0.09,0.02,0,0
13.52,6.224,2.039,1.07,-0.1,0,4.278,1.1,-0.1,0.02,0,0
13.56,6.224,2.039,1.07,-0.1,0,4.278,1.1,-0.11,0.02,0,0
13.6,6.224,2.038,1.07,-0.11,0,4.278,1.1,-0.12,0.02,0,0
13.64,6.224,2.038,1.07,-0.11,0,4.278,1.1,-0.13,0.02,0,0
13.68,6.224,2.039,1.07,-0.11,0,4.278,1.1,-0.13,0.02,0,0
13.72,6.225,2.039,1.07,-0.12,0,4.278,1.1,-0.13,0.02,0,0
13.76,6.225,2.039,1.07,-0.12,0,4.278,1.1,-0.13,0.02,0,0
13.8,6.225,2.039,1.07,-0.11,0,4.278,1.1,-0.13,0.02,0,0
13.84,6.225,2.039,1.07,-0.11,0,4.278,1.1,-0.13,0.02,0,0
13.88,6.225,2.039,1.07,-0.1,0,4.278,1.1,-0.12,0.02,0,0
13.92,6.225,2.038,1.08,-0.1,0,4.278,1.1,-0.11,0.02,0,0
13.96,6.225,2.038,1.08,-0.1,0,4.278,1.1,-0.11,0.02,0,0
14,6.225,2.038,1.08,-0.08,0,4.278,1.1,-0.1,0.02,0,0
14.04,6.225,2.039,1.08,-0.07,0,4.278,1.1,-0.09,0.02,0,0
14.08,6.225,2.038,1.08,-0.06,0,4.278,1.1,-0.08,0.02,0,0
14.12,6.225,2.039,1.1,-0.05,0,4.278,1.1,-0.06,0.02,0,0
14.16,6.225,2.039,1.1,-0.03,0,4.278,1.1,-0.06,0.02,0,0
14.2,6.225,2.039,1.1,-0.01,0,4.278,1.11,-0.03,0.02,0,0
14.24,6.225,2.04,1.1,-0.01,0,4.278,1.11,-0.03,0.02,0,0
14.28,6.225,2.039,1.1,0,0,4.278,1.11,-0.01,0.02,0,0
14.32,6.225,2.039,1.11,0.02,0,4.278,1.11,0,0.02,0,0
14.36,6.225,2.038,1.11,0.02,0,4.278,1.11,0.02,0.02,0,0
14.4,6.225,2.039,1.11,0.02,0,4.278,1.11,0.04,0.02,0,0
14.44,6.225,2.039,2.9,0.03,-0.08,4.278,1.11,0.04,0.02,0,0
14.48,6.225,2.039,2.9,0.09,-0.08,4.278,2.84,0.01,-0.01,0,0
14.52,6.225,2.039,2.9,0.09,-0.08,4.279,2.84,0.05,-0.01,0,0
14.56,6.225,2.039,2.84,0.03,-0.06,4.279,2.84,0.08,-0.01,0,0
14.6,6.225,2.039,2.9,0.06,-0.07,4.279,2.7,0.03,0.01,0,0
14.64,6.225,2.039,2.9,0.09,-0.07,4.279,2.7,0.03,0.01,0,0
14.68,6.225,2.039,1.46,0.07,-0.01,4.279,3.36,0.01,0.01,0,0
14.72,6.225,2.039,1.43,0.08,-0.01,4.279,3.36,0.01,0.01,0,0
14.76,6.225,2.039,2.77,0.12,-0.06,4.279,3.12,0.02,0.01,0,0
14.8,6.225,2.039,2.7,0.12,-0.06,4.279,2.84,0.02,0.02,0,0
14.84,6.225,2.039,2.7,0.13,-0.06,4.279,2.98,0.03,0.01,0,0
14.88,6.225,2.039,2.7,0.13,-0.06,4.279,3.05,0.03,0.01,0,0
14.92,6.225,2.04,2.77,0.12,-0.06,4.279,3.05,0.03,0.01,0,0
14.96,6.225,2.039,2.84,0.12,-0.07,4.279,3.05,0.02,0.01,0,0
15,6.225,2.039,1.49,0.07,-0.01,4.279,2.98,0.01,0.01,0,0
15.04,6.225,2.039,1.52,0.07,-0.01,4.279,3.28,0,0.01,0,0
15.08,6.225,2.039,1.58,0.06,-0.01,4.279,1.11,0.1,0.02,0,0
15.12,6.225,2.039,1.61,0.05,-0.01,4.279,1.11,0.1,0.02,0,0
15.16,6.225,2.039,1.64,0.04,-0.02,4.279,1.11,0.09,0.02,0,0
15.2,6.225,2.039,1.1,0.08,0,4.279,1.11,0.07,0.02,0,0
15.24,6.225,2.039,1.1,0.06,0,4.279,1.11,0.06,0.02,0,0
15.28,6.225,2.04,1.1,0.05,0,4.279,1.11,0.05,0.02,0,0
15.32,6.225,2.04,1.08,0.04,0,4.279,1.11,0.05,0.02,0,0
15.36,6.225,2.039,1.08,0.02,0,4.279,1.11,0.01,0.02,0,0
15.4,6.225,2.039,1.08,0.02,0,4.278,1.11,0.01,0.02,0,0
15.44,6.225,2.039,1.08,0,0,4.278,1.1,0,0.02,0,0
15.48,6.225,2.039,1.08,-0.01,0,4.278,1.1,-0.02,0.02,0,0
15.52,6.225,2.039,1.08,-0.02,0,4.278,1.1,-0.04,0.02,0,0
15.56,6.225,2.039,1.08,-0.03,0,4.278,1.1,-0.05,0.02,0,0
15.6,6.225,2.039,1.07,-0.06,0,4.278,1.1,-0.05,0.02,0,0
15.64,6.225,2.039,1.07,-0.06,0,4.278,1.1,-0.08,0.02,0,0
15.68,6.225,2.039,1.07,-0.06,0,4.278,1.1,-0.08,0.02,0,0
15.72,6.225,2.039,1.07,-0.07,0,4.278,1.1,-0.09,0.02,0,0
15.76,6.225,2.039,1.07,-0.09,0,4.278,1.1,-0.1,0.02,0,0
15.8,6.225,2.039,1.07,-0.09,0,4.278,1.1,-0.11,0.02,0,0
15.84,6.225,2.038,1.07,-0.1,0,4.278,1.1,-0.11,0.02,0,0
15.88,6.225,2.039,1.07,-0.1,0,4.278,1.1,-0.11,0.02,0,0
15.92,6.225,2.038,1.07,-0.1,0,4.278,1.1,-0.12,0.02,0,0
15.96,6.225,2.039,1.07,-0.1,0,4.278,1.1,-0.12,0.02,0,0
16,6.225,2.039,1.07,-0.1,0,4.278,1.1,-0.12,0.02,0,0
16.04,6.225,2.039,1.07,-0.1,0,4.278,1.1,-0.11,0.02,0,0
16.08,6.225,2.039,1.07,-0.09,0,4.278,1.1,-0.11,0.02,0,0
16.12,6.225,2.039,1.08,-0.09,0,4.278,1.1,-0.1,0.02,0,0
16.16,6.225,2.039,1.08,-0.08,0,4.278,1.1,-0.1,0.02,0,0
16.2,6.225,2.039,1.08,-0.07,0,4.278,1.1,-0.09,0.02,0,0
16.24,6.225,2.039,1.08,-0.07,0,4.278,1.1,-0.08,0.02,0,0
16.28,6.225,2.039,1.08,-0.06,0,4.278,1.1,-0.07,0.02,0,0
16.32,6.225,2.039,1.08,-0.05,0,4.278,1.1,-0.06,0.02,0,0
16.36,6.225,2.039,1.1,-0.03,0,4.278,1.1,-0.06,0.02,0,0
16.4,6.225,2.039,1.1,-0.02,0,4.278,1.11,-0.04,0.02,0,0
16.44,6.225,2.039,1.1,-0.01,0,4.278,1.1,-0.03,0.02,0,0
16.48,6.225,2.039,1.11,0,0,4.278,1.11,-0.01,0.02,0,0
16.52,6.225,2.039,1.11,0.02,0,4.278,1.11,0,0.02,0,0
16.56,6.225,2.039,1.11,0.03,0,4.278,1.11,0,0.02,0,0
16.6,6.225,2.039,1.1,0.04,0,4.278,1.11,0.03,0.02,0,0
16.64,6.225,2.039,1.11,0.05,0,4.279,1.11,0.03,0.02,0,0
16.68,6.225,2.039,2.9,0.03,-0.08,4.278,2.9,-0.01,-0.02,0,0
16.72,6.225,2.039,2.84,0,-0.07,4.279,2.84,0.02,-0.01,0,0
16.76,6.225,2.039,2.9,0.02,-0.07,4.279,2.84,0.05,-0.01,0,0
16.8,6.225,2.039,2.9,0.04,-0.07,4.279,2.84,0.01,0.01,0,0
16.84,6.225,2.039,2.9,0.04,-0.07,4.279,2.84,0.01,0.01,0,0
16.88,6.225,2.039,1.49,0.05,-0.01,4.279,2.77,0.03,0.01,0,0
16.92,6.225,2.039,2.9,0.08,-0.07,4.279,2.77,0.05,0.01,0,0
16.96,6.225,2.039,2.84,0.09,-0.06,4.279,2.7,0.06,0.01,0,0
17,6.225,2.039,2.77,0.1,-0.06,4.279,2.7,0.06,0.01,0,0
17.04,6.225,2.039,2.77,0.1,-0.06,4.279,2.7,0.06,0.01,0,0
17.08,6.225,2.039,2.77,0.1,-0.06,4.279,3.7,-0.05,-0.01,0,0
17.12,6.225,2.039,2.77,0.1,-0.06,4.279,3.7,-0.05,-0.01,0,0
17.16,6.225,2.039,2.77,0.09,-0.06,4.279,3.36,-0.01,0,0,0
17.2,6.225,2.039,2.9,0.08,-0.07,4.279,2.77,0.05,0.01,0,0
17.24,6.225,2.039,1.52,0.06,-0.01,4.279,2.84,0.04,0.01,0,0
17.28,6.225,2.039,1.55,0.05,-0.01,4.279,1.13,0.09,0.02,0,0
17.32,6.225,2.039,1.61,0.03,-0.01,4.279,1.13,0.09,0.02,0,0
17.36,6.225,2.039,1.1,0.08,0,4.279,1.13,0.08,0.02,0,0
17.4,6.225,2.039,1.1,0.08,0,4.279,1.11,0.07,0.02,0,0
17.44,6.225,2.039,1.1,0.07,0,4.279,1.11,0.06,0.02,0,0
17.48,6.225,2.039,1.1,0.06,0,4.279,1.11,0.04,0.02,0,0
17.52,6.225,2.039,1.1,0.04,0,4.279,1.11,0.04,0.02,0,0
17.56,6.225,2.039,1.08,0.03,0,4.278,1.1,0.01,0.02,0,0
17.6,6.225,2.039,1.08,0.02,0,4.279,1.1,0.01,0.02,0,0
17.64,6.225,2.039,1.08,0.01,0,4.278,1.1,0,0.02,0,0
17.68,6.225,2.039,1.08,0,0,4.278,1.1,-0.01,0.02,0,0
17.72,6.225,2.039,1.08,-0.02,0,4.278,1.1,-0.03,0.02,0,0
17.76,6.225,2.039,1.08,-0.03,0,4.279,1.1,-0.04,0.02,0,0
17.8,6.225,2.039,1.08,-0.03,0,4.278,1.1,-0.04,0.02,0,0
17.84,6.225,2.039,1.07,-0.05,0,4.279,1.1,-0.06,0.02,0,0
17.88,6.225,2.039,1.07,-0.06,0,4.278,1.1,-0.07,0.02,0,0
17.92,6.225,2.039,1.07,-0.07,0,4.279,1.1,-0.08,0.02,0,0
17.96,6.225,2.039,1.07,-0.07,0,4.278,1.1,-0.09,0.02,0,0
18,6.225,2.039,1.07,-0.08,0,4.279,1.1,-0.09,0.02,0,0
18.04,6.225,2.038,1.07,-0.08,0,4.278,1.1,-0.1,0.02,0,0
18.08,6.225,2.039,1.07,-0.09,0,4.278,1.1,-0.1,0.02,0,0
18.12,6.225,2.039,1.07,-0.09,0,4.278,1.1,-0.1,0.02,0,0
18.16,6.225,2.039,1.07,-0.09,0,4.278,1.1,-0.1,0.02,0,0
18.2,6.225,2.039,1.07,-0.09,0,4.278,1.1,-0.1,0.02,0,0
18.24,6.225,2.039,1.07,-0.09,0,4.278,1.1,-0.1,0.02,0,0
18.28,6.225,2.039,1.07,-0.09,0,4.278,1.1,-0.1,0.02,0,0
18.32,6.225,2.039,1.07,-0.08,0,4.278,1.1,-0.1,0.02,0,0
18.36,6.225,2.039,1.08,-0.07,0,4.278,1.1,-0.09,0.02,0,0
18.4,6.225,2.039,1.08,-0.07,0,4.278,1.1,-0.08,0.02,0,0
18.44,6.225,2.039,1.08,-0.05,0,4.278,1.1,-0.07,0.02,0,0
18.48,6.225,2.039,1.1,-0.05,0,4.278,1.1,-0.07,0.02,0,0
18.52,6.225,2.039,1.08,-0.04,0,4.278,1.1,-0.05,0.02,0,0
18.56,6.225,2.039,1.08,-0.04,0,4.279,1.1,-0.05,0.02,0,0
18.6,6.225,2.039,1.08,-0.03,0,4.278,1.11,-0.04,0.02,0,0
18.64,6.225,2.039,1.1,-0.01,0,4.278,1.11,-0.03,0.02,0,0
18.68,6.225,2.039,1.1,0,0,4.279,1.11,-0.01,0.02,0,0
18.72,6.225,2.039,1.1,0.01,0,4.278,1.11,0,0.02,0,0
18.76,6.225,2.039,1.1,0.03,0,4.278,1.11,0,0.02,0,0
18.8,6.225,2.039,1.1,0.04,0,4.279,1.11,0.01,0.02,0,0
18.84,6.225,2.039,1.1,0.04,0,4.279,1.11,0.03,0.02,0,0
18.88,6.225,2.039,1.1,0.05,0,4.278,2.9,-0.03,-0.02,0,0
18.92,6.225,2.039,2.9,0.03,-0.08,4.279,2.84,0,-0.01,0,0
18.96,6.225,2.039,2.9,0.07,-0.08,4.279,2.84,0,-0.01,0,0
19,6.225,2.039,2.98,0.01,-0.07,4.279,2.84,0.06,-0.01,0,0
19.04,6.225,2.039,1.49,0.03,-0.01,4.279,2.84,0.06,-0.01,0,0
19.08,6.225,2.039,1.49,0.04,-0.01,4.279,2.84,0.08,-0.01,0,0
19.12,6.225,2.039,1.49,0.04,-0.01,4.279,2.84,0.09,-0.01,0,0
19.16,6.225,2.039,2.9,0.06,-0.07,4.279,2.77,0.03,0.01,0,0
19.2,6.225,2.039,2.84,0.06,-0.06,4.279,2.77,0.04,0.01,0,0
19.24,6.225,2.039,2.77,0.07,-0.06,4.279,2.77,0.04,0.01,0,0
19.28,6.225,2.039,2.84,0.07,-0.06,4.279,2.77,0.04,0.01,0,0
19.32,6.225,2.039,2.84,0.07,-0.06,4.279,2.77,0.04,0.01,0,0
19.36,6.225,2.039,2.9,0.06,-0.07,4.279,2.77,0.04,0.01,0,0
19.4,6.225,2.039,1.49,0.05,-0.01,4.279,2.84,0.03,0.01,0,0
19.44,6.225,2.039,1.52,0.04,-0.01,4.278,2.84,0.03,0.01,0,0
19.48,6.225,2.039,1.55,0.04,-0.01,4.279,2.84,0.08,-0.01,0,0
19.52,6.225,2.039,1.58,0.03,-0.01,4.279,1.11,0.08,0.02,0,0
19.56,6.225,2.039,1.1,0.08,0,4.279,1.11,0.07,0.02,0,0
19.6,6.225,2.039,1.1,0.06,0,4.279,1.11,0.06,0.02,0,0
19.64,6.225,2.039,1.1,0.06,0,4.278,1.11,0.05,0.02,0,0
19.68,6.225,2.039,1.1,0.05,0,4.279,1.11,0.04,0.02,0,0
19.72,6.225,2.039,1.1,0.05,0,4.278,1.11,0.04,0.02,0,0
19.76,6.225,2.039,1.08,0.03,0,4.278,1.11,0.02,0.02,0,0
19.8,6.225,2.039,1.08,0.02,0,4.278,1.1,0.01,0.02,0,0
19.84,6.225,2.039,1.08,0.01,0,4.279,1.11,0,0.02,0,0
19.88,6.225,2.039,1.08,0,0,4.279,1.1,-0.01,0.02,0,0
19.92,6.225,2.039,1.08,-0.02,0,4.279,1.1,-0.01,0.02,0,0
19.96,6.225,2.039,1.08,-0.03,0,4.278,1.1,-0.04,0.02,0,0
20,6.225,2.039,1.08,-0.03,0,4.278,1.1,-0.04,0.02,0,0
20.04,6.225,2.039,1.08,-0.03,0,4.278,1.1,-0.05,0.02,0,0
20.08,6.225,2.039,1.07,-0.05,0,4.278,1.1,-0.06,0.02,0,0
20.12,6.225,2.039,1.07,-0.06,0,4.278,1.1,-0.07,0.02,0,0
20.16,6.225,2.039,1.07,-0.06,0,4.278,1.1,-0.08,0.02,0,0
20.2,6.225,2.039,1.07,-0.07,0,4.278,1.1,-0.08,0.02,0,0
20.24,6.225,2.038,1.07,-0.07,0,4.278,1.1,-0.08,0.02,0,0
20.28,6.225,2.039,1.07,-0.07,0,4.278,1.1,-0.09,0.02,0,0
20.32,6.224,2.038,1.07,-0.08,0,4.278,1.1,-0.09,0.02,0,0
20.36,6.224,2.039,1.07,-0.08,0,4.278,1.1,-0.09,0.02,0,0
20.4,6.224,2.039,1.07,-0.08,0,4.278,1.1,-0.09,0.02,0,0
20.44,6.224,2.039,1.07,-0.07,0,4.278,1.1,-0.09,0.02,0,0
20.48,6.224,2.039,1.07,-0.07,0,4.278,1.1,-0.09,0.02,0,0
20.52,6.224,2.039,1.07,-0.07,0,4.278,1.1,-0.08,0.02,0,0
20.56,6.224,2.038,1.08,-0.06,0,4.278,1.1,-0.08,0.02,0,0
20.6,6.224,2.039,1.08,-0.06,0,4.278,1.1,-0.07,0.02,0,0
20.64,6.224,2.039,1.08,-0.05,0,4.278,1.1,-0.06,0.02,0,0
20.68,6.224,2.038,1.08,-0.05,0,4.278,1.1,-0.06,0.02,0,0
20.72,6.224,2.039,1.08,-0.03,0,4.278,1.1,-0.05,0.02,0,0
20.76,6.224,2.039,1.08,-0.02,0,4.278,1.11,-0.04,0.02,0,0
20.8,6.224,2.039,1.1,-0.02,0,4.278,1.11,-0.03,0.02,0,0
20.84,6.224,2.039,1.1,-0.01,0,4.278,1.11,-0.02,0.02,0,0
20.88,6.224,2.039,1.1,0,0,4.278,1.11,-0.02,0.02,0,0
20.92,6.224,2.039,1.11,0.01,0,4.278,1.11,-0.01,0.02,0,0
20.96,6.224,2.039,1.11,0.02,0,4.279,1.11,0,0.02,0,0
21,6.224,2.039,1.11,0.04,0,4.278,1.11,0.01,0.02,0,0
21.04,6.224,2.039,1.11,0.05,0,4.279,1.11,0.03,0.02,0,0
21.08,6.224,2.039,1.1,0.06,0,4.279,2.9,-0.04,-0.02,0,0
21.12,6.224,2.039,2.9,0.03,-0.08,4.278,2.84,-0.01,-0.01,0,0
21.16,6.224,2.039,2.9,0.03,-0.08,4.278,2.84,-0.01,-0.01,0,0
21.2,6.224,2.039,1.1,0.08,0,4.279,2.84,0.02,-0.01,0,0
21.24,6.224,2.039,3.05,0,-0.08,4.278,2.84,0.04,-0.01,0,0
21.28,6.224,2.039,2.98,0.01,-0.07,4.279,2.84,0.05,-0.01,0,0
21.32,6.224,2.039,2.98,0.02,-0.07,4.279,2.84,0.07,-0.01,0,0
21.36,6.225,2.039,2.84,0.04,-0.06,4.279,2.84,0.07,-0.01,0,0
21.4,6.225,2.039,2.84,0.04,-0.06,4.279,2.84,0.08,-0.01,0,0
21.44,6.224,2.039,2.84,0.04,-0.06,4.279,2.84,0.08,-0.01,0,0
21.48,6.224,2.039,2.84,0.04,-0.06,4.279,2.84,0.08,-0.01,0,0
21.52,6.224,2.039,2.9,0.04,-0.07,4.279,2.84,0.08,-0.01,0,0
21.56,6.224,2.039,2.9,0.04,-0.07,4.279,2.84,0.08,-0.01,0,0
21.6,6.224,2.039,2.98,0.03,-0.07,4.278,2.84,0.07,-0.01,0,0
21.64,6.224,2.039,1.55,0.02,-0.01,4.279,2.84,0.07,-0.01,0,0
21.68,6.224,2.039,1.1,0.08,0,4.279,2.84,0.05,-0.01,0,0
21.72,6.224,2.039,1.1,0.08,0,4.279,1.13,0.07,0.02,0,0
21.76,6.224,2.039,1.1,0.07,0,4.279,1.13,0.06,0.02,0,0
21.8,6.224,2.039,1.1,0.06,0,4.279,1.11,0.05,0.02,0,0
21.84,6.224,2.039,1.1,0.05,0,4.279,1.11,0.05,0.02,0,0
21.88,6.224,2.039,1.1,0.04,0,4.279,1.11,0.03,0.02,0,0
21.92,6.224,2.039,1.1,0.04,0,4.279,1.11,0.03,0.02,0,0
21.96,6.224,2.039,1.1,0.03,0,4.278,1.11,0.02,0.02,0,0
22,6.224,2.039,1.08,0.02,0,4.278,1.11,0.01,0.02,0,0
22.04,6.224,2.039,1.08,0.01,0,4.278,1.1,0,0.02,0,0
22.08,6.224,2.039,1.08,0,0,4.278,1.1,-0.01,0.02,0,0
22.12,6.224,2.039,1.08,-0.01,0,4.278,1.1,-0.01,0.02,0,0
22.16,6.224,2.039,1.08,-0.02,0,4.278,1.1,-0.03,0.02,0,0
22.2,6.224,2.039,1.08,-0.03,0,4.278,1.1,-0.04,0.02,0,0
22.24,6.224,2.039,1.07,-0.04,0,4.278,1.1,-0.05,0.02,0,0
22.28,6.224,2.039,1.08,-0.04,0,4.278,1.1,-0.06,0.02,0,0
22.32,6.224,2.039,1.07,-0.05,0,4.278,1.1,-0.06,0.02,0,0
22.36,6.224,2.039,1.07,-0.05,0,4.278,1.1,-0.07,0.02,0,0
22.4,6.224,2.039,1.07,-0.06,0,4.278,1.1,-0.07,0.02,0,0
22.44,6.224,2.039,1.07,-0.06,0,4.278,1.1,-0.07,0.02,0,0
22.48,6.224,2.039,1.07,-0.06,0,4.278,1.1,-0.08,0.02,0,0
22.52,6.224,2.039,1.07,-0.07,0,4.278,1.1,-0.08,0.02,0,0
22.56,6.224,2.039,1.07,-0.07,0,4.278,1.1,-0.08,0.02,0,0
22.6,6.224,2.039,1.07,-0.07,0,4.278,1.1,-0.08,0.02,0,0
22.64,6.224,2.039,1.07,-0.06,0,4.278,1.1,-0.08,0.02,0,0
22.68,6.224,2.039,1.07,-0.06,0,4.278,1.1,-0.08,0.02,0,0
22.72,6.224,2.039,1.07,-0.06,0,4.278,1.1,-0.07,0.02,0,0
22.76,6.224,2.039,1.08,-0.05,0,4.278,1.1,-0.07,0.02,0,0
22.8,6.224,2.039,1.08,-0.04,0,4.278,1.1,-0.07,0.02,0,0
22.84,6.224,2.039,1.08,-0.04,0,4.278,1.1,-0.05,0.02,0,0
22.88,6.224,2.039,1.08,-0.04,0,4.278,1.1,-0.05,0.02,0,0
22.92,6.224,2.039,1.08,-0.03,0,4.278,1.1,-0.04,0.02,0,0
22.96,6.224,2.039,1.08,-0.02,0,4.278,1.11,-0.03,0.02,0,0
23,6.224,2.039,1.08,-0.01,0,4.278,1.11,-0.03,0.02,0,0
23.04,6.224,2.039,1.1,0,0,4.278,1.11,-0.01,0.02,0,0
23.08,6.224,2.039,1.1,0.01,0,4.278,1.11,-0.01,0.02,0,0
23.12,6.225,2.039,1.11,0.02,0,4.278,1.11,0,0.02,0,0
23.16,6.225,2.039,1.11,0.02,0,4.278,1.11,0.01,0.02,0,0
23.2,6.225,2.039,1.1,0.03,0,4.278,1.11,0.02,0.02,0,0
23.24,6.225,2.039,1.11,0.04,0,4.278,1.11,0.03,0.02,0,0
23.28,6.225,2.039,1.11,0.05,0,4.278,1.11,0.03,0.02,0,0
23.32,6.225,2.039,1.1,0.06,0,4.278,2.84,-0.01,-0.01,0,0
23.36,6.225,2.039,1.1,0.06,0,4.278,2.84,-0.01,-0.01,0,0
23.4,6.225,2.039,1.11,0.07,0,4.278,2.84,0,-0.01,0,0
23.44,6.225,2.039,1.11,0.07,0,4.278,2.84,0.02,-0.01,0,0
23.48,6.225,2.039,1.11,0.08,0,4.279,2.84,0.03,-0.01,0,0
23.52,6.225,2.039,1.49,0.02,-0.01,4.278,2.84,0.04,-0.01,0,0
23.56,6.225,2.039,2.9,0.01,-0.07,4.278,2.84,0.04,-0.01,0,0
23.6,6.225,2.039,2.9,0.02,-0.07,4.278,2.84,0.05,-0.01,0,0
23.64,6.224,2.039,2.9,0.02,-0.07,4.279,2.84,0.06,-0.01,0,0
23.68,6.225,2.039,2.9,0.02,-0.07,4.279,2.84,0.06,-0.01,0,0
23.72,6.225,2.039,2.9,0.01,-0.07,4.279,2.84,0.05,-0.01,0,0
23.76,6.225,2.039,2.98,0.01,-0.07,4.279,2.84,0.05,-0.01,0,0
23.8,6.225,2.039,2.98,0,-0.07,4.278,2.84,0.04,-0.01,0,0
23.84,6.225,2.039,1.55,0.02,-0.01,4.278,2.84,0.04,-0.01,0,0
23.88,6.225,2.039,1.1,0.07,0,4.278,2.84,0.02,-0.02,0,0
23.92,6.225,2.039,1.11,0.06,0,4.278,1.11,0.06,0.02,0,0
23.96,6.225,2.039,1.11,0.06,0,4.278,1.11,0.05,0.02,0,0
24,6.225,2.039,1.1,0.05,0,4.278,1.11,0.04,0.02,0,0
24.04,6.225,2.039,1.1,0.05,0,4.279,1.11,0.04,0.02,0,0
24.08,6.225,2.039,1.1,0.04,0,4.279,1.11,0.03,0.02,0,0
24.12,6.225,2.039,1.1,0.03,0,4.279,1.11,0.02,0.02,0,0
24.16,6.225,2.039,1.08,0.02,0,4.278,1.11,0.01,0.02,0,0
24.2,6.225,2.039,1.08,0.01,0,4.278,1.11,0,0.02,0,0
24.24,6.225,2.039,1.08,0,0,4.278,1.11,0,0.02,0,0
24.28,6.225,2.039,1.08,-0.01,0,4.278,1.1,-0.02,0.02,0,0
24.32,6.225,2.039,1.08,-0.01,0,4.278,1.1,-0.02,0.02,0,0
24.36,6.225,2.039,1.08,-0.02,0,4.278,1.1,-0.03,0.02,0,0
24.4,6.225,2.039,1.08,-0.03,0,4.278,1.1,-0.04,0.02,0,0
24.44,6.225,2.039,1.08,-0.03,0,4.278,1.1,-0.04,0.02,0,0
24.48,6.225,2.039,1.08,-0.04,0,4.278,1.1,-0.05,0.02,0,0
24.52,6.225,2.039,1.07,-0.04,0,4.278,1.1,-0.05,0.02,0,0
24.56,6.225,2.039,1.07,-0.05,0,4.278,1.1,-0.06,0.02,0,0
24.6,6.225,2.039,1.07,-0.05,0,4.278,1.1,-0.06,0.02,0,0
24.64,6.225,2.039,1.07,-0.05,0,4.278,1.1,-0.07,0.02,0,0
24.68,6.225,2.039,1.07,-0.05,0,4.278,1.1,-0.07,0.02,0,0
24.72,6.225,2.039,1.07,-0.06,0,4.278,1.1,-0.07,0.02,0,0
24.76,6.225,2.039,1.07,-0.06,0,4.278,1.1,-0.07,0.02,0,0
24.8,6.225,2.039,1.07,-0.05,0,4.278,1.1,-0.07,0.02,0,0
24.84,6.225,2.039,1.07,-0.05,0,4.278,1.1,-0.07,0.02,0,0
24.88,6.225,2.039,1.07,-0.05,0,4.278,1.1,-0.06,0.02,0,0
24.92,6.225,2.039,1.08,-0.05,0,4.278,1.1,-0.06,0.02,0,0
24.96,6.225,2.039,1.08,-0.04,0,4.278,1.1,-0.05,0.02,0,0
25,6.225,2.039,1.08,-0.04,0,4.278,1.1,-0.05,0.02,0,0
25.04,6.225,2.039,1.08,-0.03,0,4.278,1.1,-0.05,0.02,0,0
25.08,6.225,2.039,1.08,-0.02,0,4.278,1.1,-0.04,0.02,0,0
25.12,6.225,2.039,1.08,-0.02,0,4.278,1.11,-0.03,0.02,0,0
25.16,6.225,2.039,1.08,-0.01,0,4.278,1.1,-0.03,0.02,0,0
25.2,6.225,2.039,1.1,0,0,4.278,1.1,-0.03,0.02,0,0
25.24,6.225,2.039,1.1,0,0,4.278,1.1,-0.01,0.02,0,0
25.28,6.225,2.039,1.1,0.01,0,4.278,1.1,-0.01,0.02,0,0
25.32,6.225,2.039,1.11,0.02,0,4.278,1.11,0,0.02,0,0
25.36,6.225,2.039,1.11,0.03,0,4.278,1.11,0.01,0.02,0,0
25.4,6.225,2.039,1.1,0.04,0,4.278,1.11,0.02,0.02,0,0
25.44,6.225,2.039,1.11,0.04,0,4.278,1.11,0.03,0.02,0,0
25.48,6.225,2.039,1.11,0.04,0,4.278,1.11,0.03,0.02,0,0
25.52,6.225,2.039,1.11,0.06,0,4.278,1.11,0.04,0.02,0,0
25.56,6.225,2.039,1.1,0.06,0,4.278,2.9,-0.02,-0.02,0,0
25.6,6.225,2.039,1.11,0.06,0,4.278,2.84,0,-0.01,0,0
25.64,6.225,2.039,1.1,0.07,0,4.278,2.84,0.01,-0.01,0,0
25.68,6.225,2.039,1.11,0.07,0,4.278,2.84,0.01,-0.01,0,0
25.72,6.225,2.039,1.11,0.08,0,4.279,2.84,0.03,-0.01,0,0
25.76,6.225,2.039,1.11,0.08,0,4.278,2.84,0.03,-0.01,0,0
25.8,6.225,2.039,2.9,-0.01,-0.08,4.278,2.84,0.03,-0.01,0,0
25.84,6.225,2.039,2.98,-0.01,-0.08,4.278,2.84,0.03,-0.01,0,0
25.88,6.225,2.039,2.98,-0.01,-0.08,4.278,2.84,0.03,-0.01,0,0
25.92,6.225,2.039,3.05,-0.02,-0.08,4.278,2.84,0.02,-0.01,0,0
25.96,6.225,2.039,1.1,0.07,0,4.278,2.84,0.02,-0.01,0,0
26,6.225,2.039,1.11,0.07,0,4.278,2.84,0.02,-0.02,0,0
26.04,6.225,2.039,1.11,0.07,0,4.279,2.9,0.01,-0.02,0,0
26.08,6.225,2.039,1.11,0.06,0,4.278,1.13,0.05,0.02,0,0
26.12,6.225,2.039,1.1,0.06,0,4.279,1.11,0.04,0.02,0,0
26.16,6.225,2.039,1.11,0.05,0,4.278,1.11,0.04,0.02,0,0
26.2,6.225,2.039,1.1,0.04,0,4.278,1.11,0.04,0.02,0,0
26.24,6.225,2.039,1.1,0.04,0,4.278,1.11,0.03,0.02,0,0
26.28,6.225,2.039,1.11,0.02,0,4.278,1.11,0.02,0.02,0,0
26.32,6.225,2.039,1.11,0.02,0,4.278,1.11,0.01,0.02,0,0
26.36,6.225,2.039,1.08,0.02,0,4.278,1.11,0,0.02,0,0
26.4,6.225,2.039,1.08,0.01,0,4.279,1.11,0,0.02,0,0
26.44,6.225,2.039,1.08,0,0,4.278,1.11,0,0.02,0,0
26.48,6.225,2.039,1.08,-0.01,0,4.279,1.11,-0.01,0.02,0,0
26.52,6.225,2.039,1.08,-0.01,0,4.279,1.1,-0.02,0.02,0,0
26.56,6.225,2.039,1.08,-0.02,0,4.278,1.1,-0.03,0.02,0,0
26.6,6.225,2.039,1.08,-0.02,0,4.278,1.1,-0.04,0.02,0,0
26.64,6.225,2.039,1.08,-0.03,0,4.278,1.1,-0.04,0.02,0,0
26.68,6.225,2.039,1.08,-0.03,0,4.278,1.1,-0.05,0.02,0,0
26.72,6.225,2.039,1.08,-0.04,0,4.278,1.1,-0.05,0.02,0,0
26.76,6.225,2.039,1.08,-0.04,0,4.278,1.1,-0.05,0.02,0,0
26.8,6.225,2.039,1.07,-0.04,0,4.278,1.1,-0.06,0.02,0,0
26.84,6.225,2.039,1.07,-0.04,0,4.278,1.1,-0.06,0.02,0,0
26.88,6.225,2.039,1.07,-0.05,0,4.278,1.1,-0.06,0.02,0,0
26.92,6.225,2.039,1.07,-0.05,0,4.278,1.1,-0.06,0.02,0,0
26.96,6.225,2.039,1.07,-0.05,0,4.278,1.1,-0.06,0.02,0,0
27,6.225,2.039,1.07,-0.04,0,4.278,1.1,-0.06,0.02,0,0
27.04,6.225,2.039,1.08,-0.04,0,4.278,1.1,-0.06,0.02,0,0
27.08,6.225,2.039,1.07,-0.04,0,4.278,1.1,-0.05,0.02,0,0
27.12,6.225,2.039,1.08,-0.03,0,4.278,1.1,-0.05,0.02,0,0
27.16,6.225,2.039,1.08,-0.03,0,4.278,1.1,-0.04,0.02,0,0
27.2,6.225,2.039,1.08,-0.03,0,4.278,1.1,-0.04,0.02,0,0
27.24,6.225,2.039,1.08,-0.02,0,4.278,1.1,-0.04,0.02,0,0
27.28,6.225,2.039,1.08,-0.01,0,4.278,1.11,-0.03,0.02,0,0
27.32,6.225,2.039,1.08,-0.01,0,4.278,1.11,-0.02,0.02,0,0
27.36,6.225,2.039,1.08,0,0,4.278,1.11,-0.02,0.02,0,0
27.4,6.225,2.039,1.1,0,0,4.279,1.11,-0.02,0.02,0,0
27.44,6.225,2.039,1.1,0.01,0,4.278,1.11,-0.01,0.02,0,0
27.48,6.225,2.039,1.1,0.01,0,4.279,1.11,0,0.02,0,0
27.52,6.225,2.039,1.11,0.02,0,4.279,1.11,0.01,0.02,0,0
27.56,6.225,2.039,1.1,0.03,0,4.279,1.11,0.02,0.02,0,0
27.6,6.225,2.039,1.1,0.04,0,4.279,1.11,0.02,0.02,0,0
27.64,6.225,2.039,1.11,0.04,0,4.279,1.11,0.03,0.02,0,0
27.68,6.225,2.039,1.1,0.05,0,4.278,1.11,0.03,0.02,0,0
27.72,6.225,2.039,1.1,0.06,0,4.278,1.13,0.04,0.02,0,0
27.76,6.225,2.039,1.1,0.06,0,4.279,2.9,-0.03,-0.02,0,0
27.8,6.225,2.039,1.1,0.06,0,4.278,2.9,-0.03,-0.02,0,0
27.84,6.225,2.039,1.1,0.06,0,4.279,2.84,0,-0.01,0,0
27.88,6.225,2.039,1.1,0.06,0,4.279,2.84,0,-0.01,0,0
27.92,6.225,2.039,1.11,0.07,0,4.278,2.84,0,-0.01,0,0
27.96,6.225,2.039,1.1,0.07,0,4.278,2.9,0.01,-0.02,0,0
28,6.225,2.039,1.1,0.07,0,4.278,2.84,0.01,-0.01,0,0
28.04,6.225,2.039,1.1,0.07,0,4.279,2.9,0.01,-0.02,0,0
28.08,6.225,2.039,1.1,0.07,0,4.278,2.9,0.01,-0.02,0,0
28.12,6.225,2.039,1.1,0.07,0,4.278,2.84,0,-0.02,0,0
28.16,6.225,2.039,1.1,0.06,0,4.278,2.84,0,-0.02,0,0
28.2,6.225,2.039,1.11,0.06,0,4.278,1.13,0.05,0.02,0,0
28.24,6.225,2.039,1.1,0.05,0,4.278,1.13,0.04,0.02,0,0
28.28,6.225,2.039,1.1,0.05,0,4.278,1.13,0.04,0.02,0,0
28.32,6.225,2.039,1.1,0.04,0,4.278,1.11,0.03,0.02,0,0
28.36,6.225,2.039,1.1,0.04,0,4.278,1.11,0.03,0.02,0,0
28.4,6.225,2.039,1.1,0.03,0,4.278,1.11,0.03,0.02,0,0
28.44,6.225,2.039,1.11,0.03,0,4.278,1.11,0.02,0.02,0,0
28.48,6.225,2.039,1.1,0.02,0,4.278,1.11,0.01,0.02,0,0
28.52,6.225,2.039,1.1,0.02,0,4.278,1.11,0,0.02,0,0
28.56,6.225,2.039,1.08,0.01,0,4.278,1.11,0,0.02,0,0
28.6,6.225,2.039,1.08,0,0,4.278,1.11,0,0.02,0,0
28.64,6.225,2.039,1.08,0,0,4.279,1.11,-0.01,0.02,0,0
28.68,6.225,2.039,1.08,-0.01,0,4.278,1.11,-0.02,0.02,0,0
28.72,6.225,2.039,1.08,-0.01,0,4.278,1.1,-0.02,0.02,0,0
28.76,6.225,2.039,1.08,-0.02,0,4.278,1.1,-0.03,0.02,0,0
28.8,6.225,2.039,1.08,-0.02,0,4.278,1.1,-0.04,0.02,0,0
28.84,6.225,2.039,1.08,-0.03,0,4.278,1.1,-0.04,0.02,0,0
28.88,6.225,2.039,1.08,-0.03,0,4.278,1.1,-0.04,0.02,0,0
28.92,6.225,2.039,1.08,-0.03,0,4.278,1.1,-0.04,0.02,0,0
28.96,6.225,2.039,1.08,-0.03,0,4.278,1.1,-0.05,0.02,0,0
29,6.225,2.039,1.08,-0.04,0,4.278,1.1,-0.05,0.02,0,0
29.04,6.225,2.039,1.07,-0.04,0,4.278,1.1,-0.05,0.02,0,0
29.08,6.225,2.039,1.08,-0.04,0,4.278,1.1,-0.05,0.02,0,0
29.12,6.225,2.039,1.08,-0.04,0,4.278,1.1,-0.05,0.02,0,0
29.16,6.225,2.039,1.08,-0.04,0,4.278,1.1,-0.05,0.02,0,0
29.2,6.225,2.039,1.08,-0.03,0,4.278,1.1,-0.05,0.02,0,0
29.24,6.225,2.039,1.08,-0.03,0,4.278,1.1,-0.05,0.02,0,0
29.28,6.225,2.039,1.08,-0.03,0,4.278,1.1,-0.04,0.02,0,0
29.32,6.225,2.039,1.08,-0.03,0,4.278,1.1,-0.04,0.02,0,0
29.36,6.225,2.039,1.08,-0.02,0,4.278,1.1,-0.04,0.02,0,0
29.4,6.225,2.039,1.08,-0.01,0,4.278,1.11,-0.03,0.02,0,0
29.44,6.225,2.039,1.08,-0.01,0,4.278,1.11,-0.03,0.02,0,0
29.48,6.225,2.039,1.08,-0.01,0,4.278,1.1,-0.02,0.02,0,0
29.52,6.225,2.039,1.1,0,0,4.278,1.1,-0.02,0.02,0,0
29.56,6.225,2.039,1.1,0,0,4.278,1.11,-0.01,0.02,0,0
29.6,6.225,2.039,1.1,0.01,0,4.278,1.11,-0.01,0.02,0,0
29.64,6.225,2.039,1.11,0.02,0,4.278,1.11,0,0.02,0,0
29.68,6.225,2.039,1.1,0.03,0,4.278,1.11,0.01,0.02,0,0
29.72,6.225,2.039,1.11,0.03,0,4.279,1.11,0.01,0.02,0,0
29.76,6.225,2.039,1.1,0.03,0,4.278,1.11,0.02,0.02,0,0
29.8,6.225,2.039,1.1,0.03,0,4.278,1.11,0.02,0.02,0,0
29.84,6.225,2.039,1.1,0.04,0,4.278,1.11,0.03,0.02,0,0
29.88,6.224,2.039,1.1,0.05,0,4.278,1.11,0.03,0.02,0,0
29.92,6.224,2.039,1.11,0.05,0,4.278,1.11,0.04,0.02,0,0
29.96,6.224,2.039,1.1,0.05,0,4.278,2.9,-0.03,-0.02,0,0
30,6.224,2.039,1.1,0.06,0,4.279,2.9,-0.03,-0.02,0,0
30.04,6.224,2.039,1.11,0.06,0,4.279,2.84,-0.02,-0.01,0,0
30.08,6.224,2.039,1.11,0.06,0,4.279,2.84,-0.02,-0.01,0,0
30.12,6.224,2.039,1.1,0.06,0,4.279,2.84,-0.01,-0.01,0,0
30.16,6.224,2.039,1.11,0.06,0,4.279,2.84,-0.01,-0.01,0,0
30.2,6.224,2.039,1.11,0.06,0,4.278,2.84,-0.01,-0.01,0,0
30.24,6.224,2.039,1.1,0.06,0,4.278,2.84,-0.02,-0.01,0,0
30.28,6.224,2.039,1.11,0.06,0,4.278,2.84,-0.02,-0.01,0,0
30.32,6.224,2.039,1.1,0.05,0,4.278,2.84,-0.02,-0.02,0,0
30.36,6.224,2.039,1.1,0.05,0,4.279,1.11,0.04,0.02,0,0
30.4,6.224,2.039,1.1,0.05,0,4.279,1.11,0.04,0.02,0,0
30.44,6.224,2.039,1.11,0.04,0,4.279,1.11,0.03,0.02,0,0
30.48,6.224,2.039,1.11,0.04,0,4.279,1.11,0.03,0.02,0,0
30.52,6.224,2.039,1.1,0.03,0,4.278,1.11,0.02,0.02,0,0
30.56,6.224,2.039,1.1,0.03,0,4.278,1.11,0.02,0.02,0,0
30.6,6.224,2.039,1.1,0.03,0,4.279,1.11,0.02,0.02,0,0
30.64,6.224,2.039,1.1,0.02,0,4.279,1.11,0.01,0.02,0,0
30.68,6.224,2.039,1.08,0.02,0,4.279,1.11,0,0.02,0,0
30.72,6.224,2.039,1.08,0.01,0,4.279,1.11,0,0.02,0,0
30.76,6.224,2.039,1.08,0.01,0,4.279,1.11,0,0.02,0,0
30.8,6.224,2.039,1.08,0,0,4.279,1.11,-0.01,0.02,0,0
30.84,6.224,2.039,1.08,-0.01,0,4.278,1.11,-0.02,0.02,0,0
30.88,6.224,2.039,1.08,-0.01,0,4.278,1.1,-0.02,0.02,0,0
30.92,6.224,2.039,1.08,-0.01,0,4.278,1.1,-0.03,0.02,0,0
30.96,6.224,2.039,1.08,-0.02,0,4.278,1.1,-0.03,0.02,0,0
31,6.224,2.039,1.08,-0.02,0,4.279,1.1,-0.04,0.02,0,0
31.04,6.224,2.039,1.08,-0.02,0,4.279,1.1,-0.04,0.02,0,0
31.08,6.224,2.039,1.08,-0.03,0,4.279,1.1,-0.04,0.02,0,0
31.12,6.224,2.039,1.08,-0.03,0,4.279,1.1,-0.04,0.02,0,0
31.16,6.224,2.039,1.08,-0.03,0,4.278,1.1,-0.04,0.02,0,0
31.2,6.224,2.039,1.08,-0.03,0,4.278,1.1,-0.04,0.02,0,0
31.24,6.224,2.039,1.08,-0.03,0,4.278,1.1,-0.04,0.02,0,0
31.28,6.224,2.039,1.08,-0.03,0,4.278,1.1,-0.04,0.02,0,0
31.32,6.224,2.039,1.08,-0.03,0,4.278,1.1,-0.04,0.02,0,0
31.36,6.224,2.039,1.08,-0.03,0,4.278,1.1,-0.04,0.02,0,0
31.4,6.224,2.039,1.08,-0.02,0,4.278,1.1,-0.04,0.02,0,0
31.44,6.224,2.039,1.08,-0.02,0,4.278,1.1,-0.04,0.02,0,0
31.48,6.224,2.039,1.08,-0.02,0,4.278,1.1,-0.03,0.02,0,0
31.52,6.224,2.039,1.08,-0.02,0,4.278,1.1,-0.03,0.02,0,0
31.56,6.224,2.039,1.08,-0.01,0,4.278,1.11,-0.03,0.02,0,0
31.6,6.224,2.039,1.1,0,0,4.278,1.11,-0.02,0.02,0,0
31.64,6.224,2.039,1.1,0,0,4.278,1.11,-0.02,0.02,0,0
31.68,6.224,2.039,1.1,0,0,4.278,1.11,-0.01,0.02,0,0
31.72,6.224,2.039,1.1,0.01,0,4.278,1.11,-0.01,0.02,0,0
31.76,6.224,2.039,1.11,0.02,0,4.278,1.11,0,0.02,0,0
31.8,6.224,2.039,1.11,0.02,0,4.278,1.11,0,0.02,0,0
31.84,6.224,2.039,1.1,0.02,0,4.278,1.11,0.01,0.02,0,0
31.88,6.224,2.039,1.1,0.02,0,4.278,1.11,0.01,0.02,0,0
31.92,6.224,2.039,1.11,0.03,0,4.278,1.11,0.01,0.02,0,0
31.96,6.224,2.039,1.1,0.04,0,4.278,1.11,0.02,0.02,0,0
32,6.224,2.039,1.1,0.04,0,4.278,1.11,0.02,0.02,0,0
32.04,6.224,2.039,1.1,0.04,0,4.278,1.11,0.03,0.02,0,0
32.08,6.224,2.039,1.1,0.04,0,4.278,1.11,0.03,0.02,0,0
32.12,6.224,2.039,1.1,0.05,0,4.278,1.13,0.04,0.02,0,0
32.16,6.224,2.039,1.1,0.05,0,4.278,1.11,0.04,0.02,0,0
32.2,6.224,2.039,1.1,0.05,0,4.278,1.11,0.04,0.02,0,0
32.24,6.224,2.039,1.1,0.05,0,4.278,1.11,0.04,0.02,0,0
32.28,6.224,2.039,1.1,0.05,0,4.278,1.11,0.04,0.02,0,0
32.32,6.224,2.039,1.1,0.05,0,4.278,1.11,0.04,0.02,0,0
32.36,6.224,2.039,1.1,0.05,0,4.278,2.84,-0.03,-0.01,0,0
32.4,6.224,2.039,1.1,0.05,0,4.278,2.84,-0.03,-0.01,0,0
32.44,6.224,2.039,1.11,0.05,0,4.278,1.13,0.04,0.02,0,0
32.48,6.224,2.039,1.1,0.05,0,4.278,1.13,0.04,0.02,0,0
32.52,6.224,2.039,1.1,0.04,0,4.278,1.11,0.03,0.02,0,0
32.56,6.224,2.039,1.1,0.04,0,4.278,1.11,0.03,0.02,0,0
32.6,6.224,2.039,1.11,0.04,0,4.278,1.11,0.02,0.02,0,0
32.64,6.224,2.039,1.11,0.03,0,4.278,1.11,0.02,0.02,0,0
32.68,6.224,2.039,1.11,0.03,0,4.278,1.11,0.02,0.02,0,0
32.72,6.224,2.039,1.1,0.03,0,4.278,1.11,0.02,0.02,0,0
32.76,6.224,2.039,1.1,0.02,0,4.278,1.11,0.01,0.02,0,0
32.8,6.224,2.039,1.1,0.02,0,4.278,1.11,0.01,0.02,0,0
32.84,6.224,2.039,1.08,0.01,0,4.278,1.11,0,0.02,0,0
32.88,6.224,2.039,1.08,0.01,0,4.278,1.11,0,0.02,0,0
32.92,6.224,2.039,1.08,0,0,4.278,1.11,-0.01,0.02,0,0
32.96,6.224,2.039,1.08,0,0,4.278,1.11,-0.01,0.02,0,0
33,6.224,2.039,1.08,0,0,4.278,1.1,-0.01,0.02,0,0
33.04,6.225,2.141,1.1,0.07,0,4.487,1.11,-0.04,0.02,0,0
33.08,6.225,2.141,1.1,0.07,0,4.487,1.11,-0.04,0.02,0,0
33.12,6.225,2.141,1.68,0.01,-0.02,4.487,1.11,-0.04,0.02,0,0
33.16,6.225,2.141,1.68,0.01,-0.02,4.487,1.11,-0.04,0.02,0,0
33.2,6.225,2.141,1.68,0.01,-0.02,4.488,1.11,-0.03,0.02,0,0
33.24,6.225,2.141,1.68,0.01,-0.02,4.487,1.11,-0.03,0.02,0,0
33.28,6.225,2.141,1.68,0.01,-0.02,4.487,1.11,-0.03,0.02,0,0
33.32,6.225,2.141,1.68,0.01,-0.02,4.487,1.11,-0.03,0.02,0,0
33.36,6.225,2.141,1.68,0.01,-0.02,4.488,1.11,-0.03,0.02,0,0
33.4,6.225,2.141,1.1,0.07,0,4.487,1.11,-0.04,0.02,0,0
33.44,6.225,2.141,1.1,0.07,0,4.487,1.11,-0.04,0.02,0,0
33.48,6.225,2.141,1.1,0.07,0,4.487,1.11,-0.04,0.02,0,0
33.52,6.225,2.141,1.71,0.01,-0.02,4.487,1.11,-0.04,0.02,0,0
33.56,6.225,2.141,1.1,0.07,0,4.488,1.11,-0.04,0.02,0,0
33.6,6.225,2.141,1.1,0.07,0,4.487,1.11,-0.04,0.02,0,0
33.64,6.225,2.141,1.1,0.06,0,4.487,1.11,-0.04,0.02,0,0
33.68,6.225,2.141,1.08,0.06,0,4.487,1.11,-0.04,0.02,0,0
33.72,6.225,2.141,1.08,0.06,0,4.487,1.1,-0.04,0.02,0,0
33.76,6.225,2.141,1.08,0.06,0,4.488,1.11,-0.05,0.02,0,0
33.8,6.225,2.141,1.08,0.06,0,4.488,1.1,-0.05,0.02,0,0
33.84,6.225,2.141,1.08,0.05,0,4.488,1.1,-0.05,0.02,0,0
33.88,6.225,2.141,1.08,0.05,0,4.487,1.1,-0.05,0.02,0,0
33.92,6.225,2.141,1.08,0.05,0,4.487,1.1,-0.05,0.02,0,0
33.96,6.225,2.141,1.08,0.05,0,4.487,1.1,-0.05,0.02,0,0
34,6.225,2.141,1.08,0.05,0,4.487,1.1,-0.05,0.02,0,0
34.04,6.225,2.141,1.08,0.05,0,4.487,1.1,-0.05,0.02,0,0
34.08,6.225,2.141,1.08,0.05,0,4.487,1.1,-0.05,0.02,0,0
34.12,6.225,2.141,1.08,0.05,0,4.488,1.1,-0.05,0.02,0,0
34.16,6.225,2.141,1.08,0.05,0,4.487,1.1,-0.06,0.02,0,0
34.2,6.225,2.141,1.08,0.05,0,4.488,1.1,-0.06,0.02,0,0
34.24,6.225,2.141,1.08,0.05,0,4.487,1.1,-0.06,0.02,0,0